ta	tu	ua	uu	release_stage	run	year
0	0	1087	0	S	1	2017
20474	0	198611	0	S	1	2017
20890	0	202647	0	S	1	2017
19158	0	185845	0	S	1	2017
118244	0	1171436	0	S	1	2017
19259	0	420554	0	S	1	2017
0	0	0	12696	S	2	2017
9257	0	286	0	S	1	2017
19127	0	185545	0	S	1	2017
19208	0	186330	0	S	1	2017
119900	0	1152809	0	S	1	2016
0	0	188280	0	S	1	2017
108713	0	523361	59972	S	1	2017
119002	0	2897520	0	S	1	2017
0	115856	0	2768	S	1	2017
123916	0	821390	0	S	2	2017
0	0	0	45063	S	2	1994
0	0	2591	0	S	2	1994
0	0	0	149887		1	1984
115483	0	230992	0	S	1	2017
0	133672	0	3748	S	1	2017
179536	0	5554	0	S	1	2017
117670	0	189315	0	S	2	2017
118932	0	934828	0	S	2	2017
0	5174	0	7	S	2	2013
43017	0	289	0	S	1	2019
20936	0	151850	0	S	1	2018
20902	0	151576	0	S	1	2018
50719	0	341	0	S	1	2019
46524	0	0	0	S	1	2019
120399	0	146491	0	S	1	2019
99106	0	358958	55106	S	1	2018
19599	0	336979	0	S	1	2018
20066	0	436418	0	S	1	2018
19629	0	294911	0	S	1	2018
20422	0	148099	0	S	1	2018
0	100818	0	303117	P	8	2012
0	0	3738	0	S	1	2018
119227	0	978433	0	S	1	2015
2845	0	209	0	S	1	1994
0	0	0	501129	P	8	2001
0	0	0	398747	P	8	2000
0	0	0	497790	P	8	2000
62920	0	153360	0	P	1	1994
0	63370	0	184	S	2	2013
0	0	0	322928	P	8	1999
159059	0	672	0	S	8	2002
156350	0	1440	0	S	8	2002
160155	0	0	0	S	8	2002
20212	1181	394	0	S	1	1999
19439	0	2657	0	S	1	1994
0	49752	0	300	G	1	1999
0	194323	0	153269	P	8	2005
100673	0	404	0	P	8	2013
154711	0	0	0	S	8	2003
0	66905	0	1786	P	1	2005
99875	100232	0	0	P	8	2005
0	80830	0	1482	Y	8	2011
154185	0	0	0	S	8	2003
100987	0	201	0	P	8	2011
0	196507	0	306051	P	8	2001
0	100999	0	211097	P	8	2011
0	197182	0	179789	P	8	2001
101574	0	408	0	P	8	2005
0	132997	0	10070	F	1	2005
201262	0	0	0	P	8	2005
0	77644	0	10805	P	8	2003
138650	0	1733	0	S	8	2003
0	189782	0	206307	P	8	2003
0	67312	0	0	P	1	2004
0	73123	0	28566	S	1	2002
72411	0	0	0	S	8	2005
0	202194	0	0	P	8	2004
23491	751	150	0	S	1	2003
0	169596	0	0	P	8	2004
67649	0	2541	0	S	8	2006
0	78156	0	2291	S	8	2006
185431	0	1495	210159	P	8	2006
0	25099	0	292	P	8	2006
0	9401	0	109	P	8	2006
0	98994	0	152445	P	8	2006
6863	0	14	0	P	8	2007
0	68647	0	1444	P	1	2007
0	68748	0	1446	P	1	2007
0	76868	0	449	P	1	2007
99783	0	505332	54919	S	1	2016
0	11172	0	1359	P	1	2008
0	25325	0	1599	P	1	2008
0	182328	0	213149	P	8	2009
97751	0	2341	0	P	8	2009
0	194717	0	202394	P	8	2000
7980	29	137	0	S	8	1998
0	238271	0	12014	G	1	1999
1042	9	0	13	S	1	2000
103823	100733	0	0	P	8	2005
0	76320	0	1709	P	1	2005
109239	0	0	0	P	8	2003
67671	2119	848	0	S	8	1998
134983	4501	3401	0	S	8	1999
150648	1333	1241	0	S	8	1999
0	100723	0	812	P	1	2014
0	193255	0	318218	P	8	2003
0	201489	0	0	P	8	2004
0	45405	0	8020	P	1	2007
98546	0	789	0	P	8	2007
0	99727	0	0	P	8	2009
0	100103	0	307268	P	8	2007
67891	0	0	0	P	8	2007
0	66821	0	2784	S	8	2009
70325	0	854	0	S	8	2009
0	78673	0	2433	S	8	2009
72770	0	146	0	S	8	2009
0	79146	0	157	P	1	2009
0	236677	0	2620	P	1	2009
0	78081	0	469	P	1	2008
0	81165	0	1304	P	1	2008
45474	0	409	0	S	1	2008
0	149162	0	1368	P	8	2008
100665	0	0	244741	P	8	2008
0	44245	0	7517	P	1	2009
377674	0	7644	0	S	2	2013
0	10925	0	0	S	1	2013
21672	0	145	0	S	2	2013
0	0	0	3055	Y	1	2002
100556	0	1987691	0	S	1	2013
19715	0	389706	0	S	1	2013
79519	0	316	0	Y	8	2012
0	154059	0	2251	P	1	2003
19751	474	395	0	S	1	2007
58572	1657	82532	1593	S	1	2007
0	0	0	357362	P	8	2001
0	0	0	392684	P	8	2000
49475	0	247	46678	P	1	1986
20675	0	639	69260	P	1	1990
34677	0	1073	0	S	1	1994
54251	0	1678	0	S	1	1995
49750	0	1433	1659527	S	1	1987
0	0	0	79	S	1	1999
53114	0	0	0	S	1	2011
16683	0	50	0	G	1	2001
0	69856	0	0	S	1	2004
0	75043	0	3907	S	2	2000
130032	531	1274	0	S	8	2000
106079	0	0	172751	P	8	2005
0	0	0	40439	S	1	2002
0	251537	0	2131	F	1	2005
131048	138	276	0	S	8	2000
6798	47	82	0	S	8	1998
29582	0	915	0	S	1	1994
1438	10	17	0	S	8	1998
121441	0	0	0	P	8	1997
60950	0	1875	307075	S	1	1988
680	3	0	0	S	8	1997
30125	0	400	225	P	1	1987
68187	2135	854	0	S	8	1998
113977	0	0	258	S	8	1996
72220	0	0	0	S	8	1997
154750	1444	816	0	S	8	1999
15367	56	264	0	S	8	1998
0	193643	0	5989	P	8	2003
0	9277	0	1292	P	8	2003
0	387181	0	3122	P	1	2003
0	71813	0	10034	P	8	2003
0	68138	0	779	P	1	2003
150489	0	1430	0	S	8	2003
1667	0	15	0	S	8	2002
143666	0	1665	0	S	8	2003
0	184548	0	314400	P	8	2002
0	182350	0	316577	P	8	2002
58200	0	800	117528	S	1	1979
9400	0	200	89400	S	1	1977
55392	0	185616	0	P	1	1994
0	200930	0	198385	P	8	2002
0	186937	0	104465	P	8	2003
0	13758	0	0	P	1	2004
0	71813	0	17647	P	8	2003
0	196068	0	321754	P	8	2003
0	136227	0	0	P	1	2004
0	107844	0	1587		3	2017
70834	0	984	0	S	8	2010
0	99455	0	1892	P	8	2014
0	144723	0	4476	S	1	2002
0	73660	0	895	S	1	2002
0	144952	0	10243	S	1	2001
0	149400	0	5740	S	1	2001
76657	0	774	0	S	8	2014
0	26515	0	27	S	1	2011
119073	0	799997	0	S	1	2019
0	19491	0	812	S	1	2003
0	82823	0	0	S	8	2005
72113	0	0	0	S	8	2005
0	59399	0	1634	P	8	2006
0	67798	0	1967	P	8	2006
98797	0	2315	152858	P	8	2006
20651	0	19170	0	S	2	1993
0	99168	0	153834	P	8	2006
0	50639	0	589	P	1	2006
0	16077	0	187	P	8	2006
166018	293	6050	0		3	2009
100967	0	200	0	P	8	2011
0	100986	0	314327	P	8	2011
71407	0	867	0	Y	8	2011
0	49083	0	556	P	1	2006
69056	0	768	0	S	8	2008
23538	258	4038	86	S	1	1998
97763	0	3336	152168	P	8	2006
99017	0	1456	0	P	8	2007
0	99212	0	314798	P	8	2007
0	81467	0	960	S	8	2010
0	83082	0	3763	S	1	2019
0	98046	0	204093	P	8	2007
97668	0	1117	0	P	8	2007
193542	0	647	0	S	1	2019
0	85359	0	1005	Y	8	2013
74973	0	903	0	Y	8	2012
0	78588	0	10619	P	8	2007
0	72805	0	2767	P	8	2007
0	86184	0	1554	Y	8	2012
0	100631	0	297721	P	8	2013
195208	0	0	0	S	1	2019
0	89993	0	720	Y	8	2013
0	24205	0	156	S	2	2012
101234	0	0	0	P	8	2013
57721	0	605314	0	S	1	2016
119998	0	486688	0	S	1	2019
71930	0	580	0	Y	8	2013
0	0	313149	0	S	1	2019
72233	0	432	0	Y	8	2012
0	81042	0	1427	Y	8	2012
0	194988	0	103358	P	8	2007
98947	0	665	93467	P	8	2007
0	98670	0	1148	P	8	2006
144841	0	1521	17069	P	8	2007
0	24906	0	49	P	8	2007
0	24890	0	98	P	8	2007
0	26120	0	26	S	1	2011
0	26492	0	27	S	1	2011
50395	222	1998	68971		1	1984
20548	0	635	68835	P	1	1990
200844	273	587232	12051	P	7	2012
0	0	574038	0	S	1	2019
0	47160	0	820	S	2	2014
57860	2894	732	25	S	1	2002
70925	0	1284	0	S	8	2010
100778	0	392	0	P	8	2010
0	78854	0	476	P	1	2008
71169	0	0	0	S	8	2009
95227	0	5012	216025	P	8	2009
0	99142	0	2438	P	8	2014
0	99807	0	301474	P	8	2013
0	99332	0	399	P	8	2009
100093	0	0	275044	P	8	2009
0	99521	0	400	P	8	2009
100383	0	0	324606	P	8	2009
71096	0	286	0	Y	8	2011
0	89325	0	1637	Y	8	2011
120927	0	570124	0	S	1	2019
0	100748	0	307576	P	3	2011
101194	0	202	0	P	8	2012
101241	0	2801	306204	P	8	2014
200080	1777	3419	30	Y	3	1998
0	101207	0	309127	P	8	2010
90953	0	27725	0	P	8	2009
0	181522	0	328615	P	8	2009
0	100761	0	1202	P	8	2009
0	79706	0	728	S	1	2008
0	79756	0	1907	S	8	2010
98251	69725	379	269	P	8	2008
100461	0	441	0	P	8	2010
70043	0	1993	0	S	8	2010
0	99641	0	653	P	8	2008
0	99456	0	912	P	8	2008
75180	0	1274	0	S	8	2014
68129	0	342	0	S	8	2008
94950	0	7588	322235	P	8	2014
0	98628	0	2425	P	8	2014
0	101085	0	195865	P	8	2013
0	88908	0	1761	Y	8	2013
68199	0	880	0	S	8	2008
0	82934	0	922	S	8	2008
12756	445	202	40	S	1	1999
71679	0	564	0	Y	8	2013
0	81476	0	409	S	8	2008
0	77749	0	1004	S	8	2008
99367	0	679	0	P	8	2008
43258	0	619	0		1	1986
98734	0	1654	0	P	8	2008
99802	0	397	0	P	8	2008
0	90110	0	1177	Y	8	2012
100850	0	405	0	P	8	2012
0	60357	0	1442	S	2	2019
69415	0	2766	0	Y	8	2011
0	380459	0	20245	P	1	2011
0	42110	0	2118	P	1	2011
32997	189402	127	727	S	1	2014
85104	0	2965	0	S	1	2011
0	98903	0	321086	P	8	2008
0	98282	0	314074	P	8	2008
0	99802	0	202639	P	8	2008
0	158153	0	5403	S	1	2011
24315	185241	61	462	S	1	2013
109602	0	623481	0	S	2	2019
33118	10784	127	41	S	1	2014
0	78791	0	597	P	1	2013
0	72444	0	549	P	1	2013
0	70564	0	4232	P	1	2012
51263	106132	1047	2166	S	1	2010
0	66212	0	4138	P	1	2010
0	73268	0	2373	P	1	2010
0	63144	0	4492	P	1	2012
0	72407	0	4063	P	1	2012
0	94062	0	11357	P	8	2013
96387	0	2524	0	P	8	2013
0	95710	0	5771	P	8	2012
96099	0	1276	0	P	8	2012
0	99115	0	5364	P	8	2011
188128	5998	2439	78		3	2000
101688	0	1315	0	P	8	2011
98220	0	1218	0	P	8	2010
100870	0	729	49652	P	8	2014
29631	0	917	0	S	1	1994
101234	0	1499	58100	P	8	2015
0	80656	0	324	S	8	2015
0	119009	0	189523	S	2	2019
0	82413	0	324	S	8	2015
72595	0	144	0	S	8	2015
101471	1010	505	0	S	8	2001
0	81558	0	808	S	8	2015
72369	0	145	0	S	8	2015
0	102539	0	59367	P	8	2015
101549	0	890	59167	P	8	2015
97130	0	4897	87285	P	8	2015
0	94575	28759	219163	P	8	2015
95796	0	6332	102866	P	8	2015
0	96612	17161	220490	P	8	2015
95493	0	6312	102311	P	8	2015
208078	0	7238	3274	P	8	2015
199024	0	1990	262804	P	8	2019
197200	0	5127	265551	P	8	2019
12992	1769	111	0	S	1	1999
50454	0	2902	42802		1	1984
203647	815	3666	1000	P	8	2019
67695	121071	473	8390	S	1	2019
61565	60	140224	138	S	1	2019
0	150858	0	2816	P	1	2019
0	78207	0	689	P	8	2019
0	127203	0	626	S	2	2019
0	99175	0	98928	P	8	2016
98913	1199	1798	98073	P	8	2016
0	100349	0	199392	P	8	2016
0	103285	0	747	P	8	2014
98974	1011	1420	99593	P	8	2016
0	100540	0	202711	P	8	2016
99210	598	1793	104383	P	8	2016
76377	2102	525	0	S	8	2018
0	78532	0	1985	S	8	2018
0	77407	0	3343	S	8	2018
74106	2767	1999	0	S	8	2018
0	79688	0	787	S	8	2018
96631	2523	1746	105390	P	8	2018
0	99691	0	106583	P	8	2018
0	100176	0	160837	P	8	2018
61035	109	79872	142	S	1	2017
49337	36544	376	130	S	1	2017
0	48745	0	2086	S	1	2017
103854	2135	538	13858	P	8	2017
0	0	0	37760		1	1986
0	104357	0	14030	P	8	2017
103567	1589	668	12115	P	8	2017
63242	117349	2326	4269	S	1	2016
0	81129	0	654	P	1	2016
0	103975	0	12288	P	8	2017
0	0	200000	0	S	1	2019
52929	0	0	0	S	1	2019
102250	1080	584	127142	P	8	2018
105359	373	581	206082	P	8	2018
100387	962	857	174938	P	8	2018
0	145998	0	9536	P	1	2018
100994	1067	441	85076	P	8	2017
0	201037	0	85415	P	8	2017
100202	1567	516	125816	P	8	2017
37533	276	1380	73353		1	1985
34837	113	1589	37166		1	1984
0	201745	0	126155	P	8	2017
106698	2937	734	92124	P	8	2017
2124	0	0	0	S	1	2019
40234	0	0	1822	S	1	1989
0	107414	0	94838	P	8	2017
106180	3051	1017	157022	P	8	2017
102870	2031	778	317378	P	8	2019
62906	1676	0	0	S	1	2006
98214	2225	5226	120309	P	8	2019
101920	2195	1059	172064	P	8	2019
0	101113	0	10899	P	8	2013
43390	0	0	171	S	1	1989
0	134775	0	905	S	1	2019
29916	0	32274	0	S	1	2015
103476	3402	1078	151796	P	8	2019
196832	394	1968	203752	P	8	2019
0	201269	0	165851	P	8	2016
101505	2946	1034	164819	P	8	2016
101709	1128	295	6397	P	8	2016
0	101622	0	9781	P	8	2016
101522	1386	293	9587	P	8	2016
0	79897	0	2008	P	1	2015
122163	0	193708	0	S	2	2019
0	90854	0	1530	P	1	2015
0	58811	0	1139	S	2	2016
0	54854	0	858	S	2	2016
0	91267	0	1394	S	8	2016
0	108669	0	158289	P	8	2017
68151	1876	469	0	S	8	2017
0	78402	0	1981	S	8	2017
121001	0	2383017	0	S	1	2019
68105	1957	652	0	S	8	2017
0	84661	0	3656	S	8	2017
0	78532	0	776	S	8	2017
0	76523	0	5286	P	1	2017
0	109944	0	1324	S	2	2017
0	88140	0	295	S	8	2014
76256	0	306	0	S	8	2014
0	159911	0	0	S	2	2019
0	86972	0	349	S	8	2014
0	77015	0	0	S	8	2019
101565	0	0	0	P	8	2012
0	101327	0	308736	P	8	2012
72145	0	0	0	S	8	2015
122222	0	824854	0	S	1	2019
204182	409	409	3540	P	8	2019
205483	0	2055	785	P	8	2019
70156	0	0	0	S	8	2019
0	79952	0	0	S	8	2019
100367	606	0	159639	P	8	2018
100022	604	0	159107	P	8	2018
0	0	400000	0	S	1	2019
209044	2128	20337	824984	P	3	2019
94079	0	5305	0	P	8	2012
96604	0	5622	0	P	8	2011
2483	61	0	15	S	1	2001
0	103007	0	323	P	8	2011
97930	0	0	1214	P	8	2010
0	74939	0	14328	P	8	2010
61256	0	0	53026	S	1	2012
13280	817	52	4	Y	1	1998
0	65196	0	3803	S	1	2013
0	62860	0	3698	S	1	2013
80404	1165	2331	0	S	1	1994
49365	0	100	0	S	1	1993
57155	830	2016	119	S	1	2016
0	0	285573	0	S		1999
0	0	246978	0	S		1999
0	0	360983	0	S		1999
102430	0	740	49657	P	8	2014
0	0	0	151333	G	1	1994
67993	0	531009	0	S	1	2002
68522	0	535140	0	S	1	2002
68966	0	538608	0	S	1	2002
69883	0	545769	0	S	1	2002
43860	0	1357	0	S	1	2002
43360	0	1341	0	S	1	2002
56502	0	123077	0	S	2	2002
9260	644	337	0	S	1	1999
0	22672	0	701	P	2	2001
0	22900	0	708	P	2	2001
0	16514	0	511	P	1	2001
67776	0	529314	0	S	1	2002
326680	10417	1609	51	Y	3	2001
0	99344	0	718	P	8	2014
0	0	736	0	S	1	2001
0	0	0	88154	S	2	2001
0	0	0	15180	G	1	1994
0	0	103811	0	P	1	2001
0	0	10406	0	S	1	2001
0	0	0	84238	P	1	2001
0	199689	0	194398	P	8	2013
95678	0	402854	0	S	1	2002
100435	0	1015	0	P	8	2013
98697	0	4363	0	P	8	2012
0	0	0	29162		1	1987
68213	0	149569	0	S	2	2001
68249	0	149648	0	S	2	2001
67127	0	147189	0	S	2	2001
66656	0	146155	0	S	2	2001
0	20955	0	648	S	1	2001
0	0	156559	39255	S	1	1995
67113	0	147157	0	S	2	2001
103741	761	0	0	S	8	2001
0	191699	0	268453	P	8	2012
44513	0	1377	0	S	1	2002
0	1838	0	67	S	1	2011
63504	812	1623	203	S	1	1999
0	0	0	230550	S	1	1984
0	0	0	420060	S	1	1985
0	0	0	167895	S	1	1983
0	0	0	25488	P	2	1985
78306	653	4242	326	S	1	2016
0	0	0	15080	P	1	1994
0	0	0	14977	P	1	1994
0	0	0	55300	S	1	1995
0	0	0	221449	S	1	1995
0	0	0	189612	S	1	1995
0	0	0	0	S	1	1995
0	0	0	771348	S	1	1985
0	0	0	8740	P	2	1994
49967	6671	0	0	S	1	1999
0	0	0	126937	S		1999
0	0	37796	0	P	1	2011
55337	1469	904	0	S	1	2003
0	0	0	0	S	1	1995
0	0	0	0	S	1	1995
0	0	0	0	S	1	1995
0	0	0	0	S	1	1995
0	0	0	152455	P	1	1983
0	0	0	49055	S	1	1983
0	0	0	24190	S	1	1983
0	0	0	447658	S	1	1983
0	0	0	75179	P	1	1983
0	0	43161	0	S	1	1998
0	0	0	140172	P	2	1994
0	0	0	51163	P	2	1994
81997	168	1848	0	S	1	1994
0	0	0	0	P	2	1994
0	0	0	0	P	2	1994
0	0	0	310893	S	2	1995
0	0	0	235939	S	2	1994
0	60781	0	2658	S	1	2015
99174	0	1282	0	P	8	2011
43283	0	0	7308	S	1	1989
0	202265	0	206799	P	8	2011
0	164981	0	200716	P	8	2010
0	0	0	68336	S	3	1982
0	0	0	70272	S	3	1982
0	0	0	64123	S	3	1982
0	0	0	92776	S	3	1982
0	0	0	108920	G	1	1994
27688	0	0	0	S	1	2001
0	0	0	12000	P	1	1993
99024	0	1228	0	P	8	2010
0	0	8892	0	S	1	1998
0	0	0	12889	P	1	1998
0	0	0	365791	S	1	1985
0	0	0	150810		1	1984
208330	1242	476055	0	P	7	2010
0	0	0	997025	S	1	1984
0	0	0	55803	S	2	1984
0	0	0	178769	S	1	1985
0	0	3513	0	S	1	1997
0	0	2970	0	S	1	1997
0	0	1422	0	S	1	1997
0	0	0	61582	S	1	1992
0	0	0	95414	S	1	1983
0	202383	0	1463	P	8	2014
0	0	0	131597	S	1	1983
0	59916	0	241	G	1	1999
74132	1298	973	0	S	1	1994
0	0	0	87168	S	1	1983
0	0	0	245753	S	1	1984
0	0	0	56683	S	1	1984
0	0	0	183635	S	1	1989
0	0	0	351326	S	1	1986
0	0	0	763900	S	1	1987
47084	149	1490	0	S	1	1995
0	0	0	151455	P	1	1978
100911	0	1770	109029	P	8	2014
34563	0	441	260		1	1986
0	194561	0	387401	P	8	2013
198594	4299	1301	0		3	1999
61357	0	72137	284	S	1	2015
0	0	27778	0	S	1	1995
0	0	0	72300	S	1	1994
97477	0	7154	0	P	8	2013
39188	400	1999	0	P	1	1987
0	0	0	83259	S	1	1984
0	0	0	300407	S	1	1990
0	0	0	53287	S	1	1990
0	0	2376	0	S	1	1997
0	0	2274	0	S	1	1997
0	0	5145	0	S	2	1997
0	0	0	721980	P	1	1980
0	0	0	1001700	S	1	1981
0	0	0	63665	S	1	1976
64498	645	64616	682	S	1	2010
103487	0	1813	0	P	8	2012
47519	189	1988	0	S	1	2007
0	69831	0	1323	Y	1	2005
27976	0	38290	0	S	1	2015
5220	277	55	0	S	1	2002
0	0	0	77440	S	1	1982
0	0	0	25318	S	1	1983
0	0	0	105750		1	1984
0	0	12447	0	S	1	1997
35460	0	166	0	S	1	1993
0	0	0	0	P	1	1993
0	0	0	268000	P	1	1981
0	0	0	80000	S	1	1985
0	0	0	136800	S	1	1986
58671	0	57995	797	S	1	2009
250092	25	2272	0	Y	3	2007
24176	0	0	0	S	1	2001
0	0	0	146004	S	1	1984
0	0	0	354713	P	1	1991
32975	823	411	206	S	1	2005
0	0	0	103661	S	1	1986
0	0	0	227500	S	1	1987
0	0	0	100600	P	1	1987
0	0	0	725300	S	1	1988
50000	0	1539	218341	S	2	1984
21301	0	238	41603	S	2	1992
38100	0	2346	234538	S	2	1985
20700	0	273	24856	S	2	1991
46400	0	2187	120130	S	2	1989
30200	0	1934	5119	S	1	1984
78725	0	956	293699	S	2	1976
20993	0	235	0	S	2	1992
21430	0	239	41855	S	2	1992
22148	0	247	43257	S	2	1992
21252	0	237	41507	S	2	1992
21162	0	236	0	S	2	1992
67211	1817	1258	0	S	1	2012
0	0	299079	0	P	1	1998
0	0	0	66114	P	1	1998
0	0	205906	0	S	1	1998
0	0	5919	0	S	1	1998
0	0	304100	0	S	1	1998
0	0	0	21623	S	1	1998
0	0	0	29585	S	1	1998
0	0	83748	0	P	1	1998
127900	0	3281	1749479	S	1	1978
55725	0	563	367518	S	1	1990
19198	0	1557	146258	S	1	1991
0	0	0	39906	S	8	1987
0	0	0	653	S	8	1987
506	13	1	0	S	1	2003
48716	3632	641	0	S	1	2003
51900	1471	1471	0	S	1	2003
9992	459	63	10	S	1	2002
3095	142	19	3	S	1	2002
35583	79	0	0	S	1	1993
13677	655	0	28	S	1	2001
59300	0	1846	38380	S	3	1984
31976	746	1919	107	S	1	1998
0	177547	0	0	G	1	1999
0	193476	0	292950	P	8	2000
0	202095	0	291091	P	8	2012
0	112631	0	2645	Y	1	2011
0	0	0	382500		1	1984
17900	0	1022	103507	S	1	1981
14227	16	389	0	Y	1	1995
55700	0	6258	466414	S	1	1979
125650	0	3350	914200	S	1	1976
0	94673	0	91694	P	8	2011
29114	0	62	0	S	1	1993
9000	174	261	58	S	1	1998
0	99907	0	313	P	8	2011
22428	695	93	0	S	1	2006
19711	0	14901	0	S	1	1996
66273	0	83334	0	P	1	1994
0	0	0	12492	F	1	2010
62122	2490	31404	2007	S	1	2005
54425	0	1388	68306	S	3	1985
0	0	0	80484	S	8	1987
46950	0	286	11935	S	1	1982
54225	0	109	13784	S	1	1982
32100	0	2015	5442	S	1	1984
42744	264	0	967	S	1	1988
0	201980	0	224365	P	8	2011
49038	409	2248	102	S	1	2007
25824	0	20110	0	S	1	2015
52506	0	1324	0	S	1	1992
94893	0	5523	0	P	8	2011
99100	0	1229	0	P	8	2010
38625	0	2204	105974	S	1	1981
37725	0	2154	73609	S	1	1981
61300	0	0	115846	S	1	1980
123775	0	875	173337	S	1	1978
34800	0	2868	49500	S	1	1983
19563	0	53128	0	S	1	1995
20276	0	55718	0	S	1	1995
20922	0	56616	0	S	1	1995
21972	0	245	42914	S	2	1992
62235	0	60531	0	S	2	1997
46250	0	2179	119742	S	2	1989
0	0	0	271	S	1	2014
52300	0	942	0	S	1	1992
10586	0	32	1201	S	1	1991
41075	0	2037	83094	S	1	1983
13942	0	98	8620	S	1	1991
41513	392	1958	391		1	1984
0	76635	0	1828	P	1	2005
55578	435	141440	1809	S	1	2004
27441	166	166	0	S	1	2004
20438	0	1657	155705	S	1	1991
0	0	0	886300	S	8	1988
52993	0	971	338005	S	1	1989
298404	0	2384012	0	S	1	1995
66263	0	2049	785799	S	1	1992
0	199710	0	236960	P	8	2010
19359	0	1570	147484	S	1	1991
19704	0	1598	150113	S	1	1991
19141	0	1552	145824	S	1	1991
127600	0	867	1343447	S	1	1977
56025	0	566	369496	S	1	1990
19757	0	1602	150516	S	1	1991
99950	0	1010	419324	S	1	1986
19856	0	1610	151271	S	1	1991
65434	0	2024	775968	S	1	1992
28704	0	34730	0	S	1	2015
14908	0	105	9217	S	1	1991
38150	0	1030	162783	S	1	1985
0	0	0	131580	S	1	1988
0	0	0	196554		1	1986
43479	0	172	7857	S	1	1990
47425	0	3406	207387	S	1	1990
52637	0	2963	0	S		1999
52245	0	2941	0	S		1999
51397	0	113869	0	P	1	1998
52736	0	2969	0	S		1999
22018	0	222	2499	S	1	1991
53108	0	1269	0	S	1	1995
0	0	0	12502	P		1998
0	0	0	194669	G	1	1990
0	207537	0	1500	P	8	2014
14604	0	1270	0	S	1	1992
20710	0	209	11765	S	1	1991
37550	0	1116	126547	S	1	1986
11597	0	201	1316	S	1	1991
50018	0	2886	0	S	1	1992
14779	0	256	1677	S	1	1991
50635	0	2442	321986	S	1	1989
102898	0	744	213599	P	8	2014
21179	0	192	12032	S	1	1991
54252	0	1033	0	S	1	1992
22448	0	204	12753	S	1	1991
22100	0	383	2508	S	1	1991
21276	0	64	2415	S	1	1991
65659	129119	0	0	S	1	2012
71260	2061	68253	0	S	1	2005
60043	131202	384	840	S	1	2015
0	200997	0	156619	P	8	2015
102279	1810	503	77123	P	8	2015
62047	1309	1440	131	S	1	2010
196389	729	7228	27		3	2017
21500	1804	975	390	S	1	2002
42509	972	23014	442	S	1	2013
39425	0	1988	224513	S	1	1985
0	0	0	111711		1	1987
0	203450	0	50290	P	8	2015
101866	2045	479	24953	P	8	2015
0	103380	0	58302	P	8	2015
31622	1547	942	0	S	1	2010
0	0	0	105787	S	8	1989
0	0	0	116961	S	8	1989
0	0	0	134467	S	8	1989
0	0	0	131545	S	8	1989
43287	0	0	7204	S	1	1989
0	57868	0	2267	S	1	2016
18763	0	1654	142944	S	1	1991
51198	0	938	326556	S	1	1989
122000	0	490	1280671	S	1	1979
127425	0	9181	3222334	S	1	1976
127275	0	512	1336045	S	1	1979
0	0	0	173595	S	8	1989
0	96274	1084	111340	P	8	2015
0	81524	0	160	S	8	2016
66426	0	2054	787732	S	1	1992
86675	0	4371	847641	S	1	1987
70212	0	1267	421	S	8	2016
71112	0	141	563	S	8	2016
76267	2192	731	0	S	8	2018
0	74877	0	4122	P	1	2016
18178	37	409	0	S	1	2000
0	99272	0	160293	P	8	2018
194125	5578	1860	0	P	8	2018
0	9628	0	298	P	1	1998
103453	1162	926	538846	P	8	2018
0	15597	0	482	P	1	1992
0	20386	0	630	P	1	1992
66570	118305	519	9776	S	1	2018
0	75238	0	5060	P	1	2018
0	105379	0	161572	P	8	2017
3858	103301	2786	157215	P	8	2017
0	102682	0	1237	S	2	2018
193377	4480	1100	26	P	8	2016
0	95713	0	4940	P	8	2016
70821	0	135	1083	S	8	2016
65641	2451	1771	0	S	8	2017
0	148270	0	7034	P	1	2017
41667	0	0	655	S	1	1989
0	0	0	300000	P	1	2013
0	0	0	384051	P	1	2014
0	0	455305	0	S	1	2018
118597	0	154201	0	S	1	2018
53991	1002	59637	567	S	1	2014
118047	0	1158147	0	S	1	2018
56548	1136	114	0	S	1	2003
6955	315	157	0	S	1	2003
0	0	0	101840		1	1984
58323	0	1234	0	S	1	1990
63975	0	0	0	P	1	1988
247014	393	792552	1226	S	3	2016
63379	1176	653	131	S	1	2006
113027	94	188	0	S	8	2001
37977	623	124	18282		1	1984
52377	886	1265	30066		1	1986
0	0	0	91433	G	1	1990
159486	0	641	0	G	1	2001
22069	0	771	0	S	1	1996
10736	0	0	0	P	1	1987
63775	0	0	0	P	1	1988
71202	0	308342	0	S	1	1998
0	140171	0	365	P	8	2005
0	74621	0	0	S	2	2014
19806	0	242409	0	S	1	2014
97946	0	1199537	0	S	1	2014
0	0	0	604205	S	8	1990
0	0	0	534174	S	8	1990
0	0	0	227413	S	8	1990
51000	0	1201	0	S	1	1981
0	0	0	379450		1	1986
0	0	0	48956	P	1	2015
0	195231	0	151874	P	8	1999
62477	0	235604	0	S	1	2000
0	61127	0	1094	S	1	2019
58630	704	2345	0	S	1	2019
0	0	0	39991	S	8	1989
63375	0	1490	0	S	1	1978
23819	239	95	48	P	1	2000
33902	108	215	0	S	1	1996
0	53458	0	1653	P	2	1998
0	22520	0	697	P	2	1998
0	35489	0	1098	P	2	1998
0	18561	0	574	P	2	1998
0	0	123447	869	S	1	2012
39623	0	0	10972	S	1	1992
55683	0	28153	0	S	1	2016
58114	1511	465	232	S	1	2010
0	0	0	793349	S	8	1990
0	19252	0	595	G	1	1998
0	0	0	102520		1	1985
14418	0	0	0	S	1	1978
38325	0	0	0	S	1	1977
31676	0	0	0	S	1	1978
5186	0	0	0	S	1	1976
23500	0	0	0	S	1	1976
15000	0	100	0	S	1	1978
16044	460	33	0	S	1	2002
65093	0	104914	0	S	2	2000
64229	0	103521	0	S	2	2000
327603	0	496621	0	S	2	1994
0	25664	0	793	S		1999
0	53487	0	1654	S		1999
63641	0	69769	0	S	1	2017
49877	1979	396	0	S	1	2003
5000	0	0	0	S	1	1986
10085	0	0	0	S	1	1989
5000	0	0	0	S	1	1986
5894	0	0	0	S	1	1978
26845	0	0	0	S	1	1978
24108	298	198	0	S	1	2007
38346	0	0	0	S	1	1977
10058	0	0	0	S	1	1989
9916	0	100	0	S	1	1989
5000	0	0	0	S	1	1986
10000	0	0	0	S	1	1989
9438	0	393	0	S	1	1989
10184	0	0	0	S	1	1989
5000	0	0	0	S	1	1986
5000	0	0	0	S	1	1986
5104	0	0	0	S	1	1986
21867	0	0	0	S	1	1980
6618	0	0	0	S	1	1989
3702	0	0	0	S	1	1978
4998	0	0	0	S	1	1986
10043	0	0	0	S	1	1989
5000	0	0	0	S	1	1986
4933	0	0	0	S	1	1986
10077	0	136	0	S	1	1989
10005	0	0	0	S	1	1989
10123	0	0	0	S	1	1989
15974	0	323	0	S	1	1992
63724	404	51034	726	S	1	2014
52477	0	1623	0	P	1	1993
199938	222	7541	248400	P	3	2015
61374	368	0	368	S	1	2009
33276	70	70	0	S	1	2015
39114	0	2146	0	S	1	1979
12003	404	508	17	S	1	2001
3195	200	80	0	S	1	2001
23873	1219	0	406	S	1	2001
27537	0	179	0		1	1984
2240	74	1444	49	S	1	2002
54558	784	42026	330	S	1	2013
14793	1450	64	0	S	1	2001
64223	650	71560	646	S	1	2013
52981	610	407	0	S	1	2015
65271	1053	62990	1227	S	1	2013
72594	0	0	0	S	8	1997
127464	260	0	0	P	8	1997
57435	2858	1107	215	S	1	2002
41352	2195	439	0	S	1	2002
69660	0	32823	0	S	1	1999
24924	0	2366	0	S	1	1992
61421	0	2267	0	S	1	1993
13945	1304	0	30	S	1	2001
21011	1351	0	203	S	1	2001
8800	0	281	0	S	2	1986
0	0	0	83100	S	1	1989
14361	0	1249	0	S	1	1992
54551	254	3933	0	S	1	2011
53900	0	2245	0	S	1	1988
41978	0	208493	0	S	1	1996
0	101368	0	3135	S	1	1995
12051	1214	43	0	S	1	1999
11942	1375	39	39	S	1	1999
109685	0	3392	0	P	1	1992
21278	0	887	0	S	1	1993
24467	0	0	0	S	1	1979
52683	1044	1208	82139		1	1985
67540	170	1358	0	S	1	1994
50491	244	2073	657813		1	1983
27282	260	3378	87	S	1	1998
34753	70	139	0	S	1	1993
0	0	0	150045	G	1	1990
0	0	0	52880	G	1	1990
35580	0	82	0	S	1	1993
35407	0	0	0	S	1	1973
6157	0	0	0	S	1	1976
3231	0	0	0	S	1	1976
41177	0	0	0	S	1	1973
12215	0	0	0	S	1	1976
20443	0	0	0	S	1	1976
0	46056	470	1424	S		1999
0	35373	0	1094	S		1999
0	38536	0	1192	S		1999
0	19420	0	0	S	1	1999
50779	96	0	288	S	1	1990
0	0	0	504668	G	1	1991
45075	0	181	0	S	1	1992
41973	533	107	5095		1	1986
77200	0	752	0	S	1	1995
78785	1138	3411	0	S	1	1994
40500	0	1469	0	S	2	1982
64928	0	104648	0	S	2	2000
65602	0	105735	0	S	2	2000
62633	0	50873	0	S	2	1995
65166	521	64234	553	S	1	2010
58100	0	2650	0	S	3	1980
44000	0	1361	0	S	3	1979
41267	105	0	950	S	1	1989
35011	0	141	0	S	1	1993
39800	0	1274	0	S	2	1986
42440	0	106063	0	S		1999
51027	0	127523	0	S		1999
16835	138	920	0	S	1	1998
75678	0	10621	0	S	1	1995
12470	207	83	0	S	1	1998
38378	237	867	0	P	1	1987
43631	92	0	380346	S	1	1992
34822	0	143	0	S	1	1993
23063	0	92	0	S	1	1993
77133	0	8847	0	S	1	1995
42187	301	1205	214129	S	1	1990
62189	1618	180	180	S	1	1999
49042	0	3805	0		1	1985
33231	969	298	149	S	1	1994
37340	515	901	0	S	1	1997
0	0	0	1237		3	1996
0	110382	0	3414	S	1	1993
0	111720	0	3456	S	1	1993
54637	0	1689	0	S	1	1993
0	112006	0	3464	S	1	1993
21308	0	659	0	P	1	1992
0	4518	0	63	S		1999
21094	0	142	0	S	1	1993
15570	0	315	0	S	1	1992
32870	0	0	0	S	8	1997
16063	100	0	0	S	8	1997
74030	0	0	0	S	8	1997
133411	0	1298	0	S	8	2000
2281	0	0	0	S	1	1978
31940	0	0	0	S	1	1975
5968	0	0	0	S	1	1978
11962	0	0	0	S	1	1975
25532	0	0	0	S	1	1979
215026	0	6650	0	S	1	1993
0	56767	0	1755	S	1	1993
66200	0	430331	0	S	1	2000
19885	0	829	0	S	1	1993
2605	0	48	0	S	1	1989
199620	426	7993	221850	S	8	2016
34413	134	134	0	S	1	2015
191092	525	717974	2023	P	3	2014
57663	353	1412	236	S	1	2014
42100	0	0	0	S	1	1982
3010	0	0	0	S	1	2000
11323	38	0	77	S	1	2000
19102	1135	157	0	S	1	2002
35351	92	183	0	S	1	1993
43788	165	660	6722	S	1	1990
0	0	707	0	Y	3	2009
100578	0	499221	54865	S	1	2019
66982	0	949242	0	S	1	2019
45559	0	655168	0	S	1	2019
25694	549	1829	91	S	1	1998
58141	349	349	0	S	1	2009
18083	285	617	0	S	1	2001
55069	0	6135	0	S	1	1998
54094	0	5121	0	S	1	1998
0	0	0	29888		3	2008
24053	1328	0	153	S	1	2001
0	0	45920	0	G	1	1989
58973	2069	3362	259	S	1	2010
51408	0	411	0	S	8	1993
57080	3676	718	22	S	1	2002
65603	0	1091	0	S	1	1994
58793	356	238	0	S	1	2004
24385	151	552	0	S	1	2006
50742	223	2012	68972		1	1984
60630	1011	1516	1011	S	1	2006
23285	1159	107	5	Y	1	1998
0	52917	0	1637	S		1999
0	18968	0	587	S		1999
0	17990	76	911	S	1	2006
75332	451	603	0	S	8	1999
10057	0	38	0	Y	1	1997
60527	419	728	0	S	8	1998
52736	3775	57602	2769	S	1	2008
51783	2616	436	0	S	1	2003
61965	429	745	0	S	8	1998
72423	0	1338	0	S	8	1997
57311	0	2544	0	S	1	1995
51554	0	3880	0	S	1	1993
16487	0	111	0	S	1	1997
50098	1020	612	0	S	1	2005
49630	498	698	0	S	1	2005
40775	0	1479	0	S	2	1982
0	6388	0	197	P	2	1998
0	41988	0	1299	P	2	1998
15323	0	751	0	S	1	1992
7107	0	348	0	S	1	1992
69148	566	1273	0	S	1	2012
61256	0	0	53027	S	1	2012
48699	0	658	0	S	1	1995
52681	0	712	0	S	1	1995
75661	0	976	0	S	1	1991
12922	0	0	0	S	1	1987
50332	0	1862	0	S	1	1988
55710	0	786	0	S	1	1993
52739	0	0	0	S	1	1995
50537	0	0	0	S	1	1995
52093	0	104	0	S	8	1993
34386	0	1760	47914		1	1984
13635	0	204	0	S	1	1996
58558	1563	82078	2317	S	1	2007
50647	0	1757	0	S	1	2009
40661	185	20954	187	S	1	2009
206860	207	206	0	Y	3	1996
45343	277	3054	0	S	1	1988
49325	0	464	0	S	8	1986
33994	0	244	663	S	8	1993
49325	0	464	0	S	8	1986
49248	0	49	155	S	8	1994
83611	0	589	78375	S	8	1985
156036	0	468	0	S	8	1987
250831	0	1769	235125	S	8	1985
49112	0	363	0	S	8	1986
31901	0	494	493	S	8	1993
98374	0	561	0	S	8	1992
196604	197	196	0	Y	3	1996
0	40587	0	1232	S	1	2010
44448	1734	91	91	S	1	2002
65002	130	389	10498	S	1	1990
18028	665	302	60	S	1	1998
29330	54	164	0	S	1	1993
8596	604	193	121	S	1	1998
5775	209	84	0	S	1	2001
18207	0	0	410	S	1	2000
49325	0	464	0	S	8	1986
122850	0	2125	21246	S	8	1988
6541	250	125	0	S	1	2001
10695	0	192	0	S	1	1996
6847	0	22	0	S	1	1996
78504	0	236	101400	S	8	1985
51168	0	271	0	S	8	1994
45195	0	0	2421	S	1	1989
49112	0	363	0	S	8	1986
123640	0	3561	0	S	8	1990
40770	169	2190	13719	S	1	1991
42804	85	340	36425	S	1	1991
49077	99	294	0	S	1	1993
15858	261	417	52	S	1	1997
1508	0	0	0	S	1	2000
18001	112	0	521	S	1	2000
18232	74	0	294	S	1	2000
10487	0	62390	0	S	1	2000
11081	0	65924	0	S	1	2000
28334	0	185	0		1	1984
51702	0	310	0	S	8	1994
217814	9668	875	39	Y	3	1997
51410	0	308	0	S	8	1993
217799	9667	875	39	Y	3	1997
0	0	612390	0	S	1	2014
0	0	276689	0	S	1	2014
0	0	0	49669	S	1	1991
23738	87	407	0	S	8	1998
11901	222	984	0	S	8	1998
55400	0	4833	0	S	3	1981
51000	0	1577	0	S	3	1979
80425	0	2482	0	S	3	1982
450	0	0	0	S	1	1994
1605	0	0	0	S	1	1994
44842	0	49388	0	S	1	2017
43315	0	1031	0	S	1	1992
55607	221	20482	298	S	1	2017
77160	1600	2311	0	S	1	1994
10426	0	28649	0	S	1	2000
10783	0	29630	0	S	1	2000
55234	449	41691	555	S	1	2013
0	52087	0	2392	S	1	2005
0	38451	0	1189	S		1999
50795	547	1971	0	S	1	2007
64654	129	2338	9	S	1	2015
0	0	0	100006		1	1985
53551	859	429	0	S	1	2003
64843	1585	528	0	S	1	2012
0	58776	0	2155	S	1	2011
10200	293	21	0	S	1	2002
68780	585	5415	0	S	1	2013
81508	1130	1292	0	S	1	1994
74895	1560	3901	156	S	1	2013
87087	0	1102	0	S	1	1995
52047	0	658	8105		1	1987
0	0	0	33505	E	3	2003
59014	358	56307	641	S	1	2008
62190	769	65379	809	S	1	2010
32158	257	385	0	P	1	2002
27830	924	404	0	S	1	2003
52164	2474	215	0	S	1	2003
46952	2008	96	0	S	1	2003
47344	2143	1072	0	S	1	2003
13758	632	86	14	S	1	2002
15077	1575	0	0	S	1	2001
40402	480	0	1319	P	1	2001
29129	1106	1168	61	S	1	2002
68692	698	419	0	S	1	2006
33534	196	1079	0	S	1	1996
47739	773	1346	40370		1	1985
1036	0	0	25	S	1	2000
40831	131	588	16247		1	1987
50825	688	1634	34938		1	1985
0	0	0	1249		3	1996
0	65965	0	1855	S	1	2011
195414	397	435100	7989	P	7	2011
0	0	245615	3929	S	1	2006
70895	0	32807	216	S	1	2016
14677	0	968	31	S	1	2004
39355	0	1217	1860		1	1987
0	0	0	1250		3	1996
23970	0	831	119		1	1984
12670	890	285	178	S	1	1998
36310	113	1362	0	S	1	1997
43220	183	0	822	P	1	1988
36172	901	901	0	S	1	1997
40399	171	769	0	P	1	1988
40123	0	0	10636	S	1	1992
49538	239	2035	17128		1	1983
0	0	0	10067	F	1	2007
0	0	0	151888	G	1	1988
44002	96	3355	0	S	1	1989
61106	0	3608	14	S	1	2015
0	0	0	3994		3	2001
16277	336	134	34	S	1	2006
0	0	0	875		3	2007
46944	1948	195	0	S	1	2003
0	0	0	35172	S	1	1993
0	0	0	51819	S	1	1993
0	0	300000	0	S		1999
0	0	0	90125	P	1	1992
0	0	0	83953	S	2	1993
0	0	0	282	Y	3	2009
0	0	0	29059		3	2002
32343	3465	0	72	S	1	2001
0	0	0	61544		1	1986
46013	0	36624	161	S	1	2017
0	0	0	196360		3	2011
203686	950	4329	208856	S	3	2018
26643	0	134892	0	S	1	2004
0	0	0	140396	Y	1	2003
0	0	0	143349	E	1	2009
0	0	30288	0	S	1	2000
49711	104	2710	0	S	1	1988
0	0	0	1915	E	1	2009
54709	785	1570	0	S	1	2018
0	0	0	181281		3	2012
51495	534	1923	214	S	1	2018
0	51610	0	3596	S	1	2018
5827	0	429	0	S	1	1994
15877	0	3592	0	S	1	1994
29596	0	916	0	S	1	1994
33463	0	1035	0	S	1	1994
5535	0	657	0	S	1	1994
11238	0	1336	0	S	1	1994
20559	0	3849	0	S	1	1994
55434	0	1714	0	P	1	1994
67559	0	2089	0	P	1	1994
0	0	129805	0	S	1	2014
0	0	191200	0	S	1	2014
36027	0	1115	0	S	1	1994
23863	0	1754	0	S	1	1994
0	0	200000	0	S	1	2013
96498	0	788580	0	S	1	2013
18128	0	44462	0	S	1	2013
18143	0	122	0	S	2	2013
13535	0	454	0	S	2	2013
0	14880	0	50	S	1	2013
0	118804	0	398	S	1	2013
0	18102	0	0	S	2	2013
0	235747	0	0	S	2	2013
20540	0	119945	0	S	2	2013
18045	0	111090	0	S	2	2013
99148	0	610381	0	S	2	2013
0	0	259356	0	S	1	2013
21276	0	658	71274	P	1	1990
21546	0	666	83921	P	1	1990
9625	0	30	57647	S	1	1987
19830	0	613	77234	P	1	1990
20925	0	21	123631	P	1	1986
20970	0	649	81674	P	1	1990
39700	0	123	237776	S	1	1987
29500	0	29	174294	P	1	1986
122000	0	3514	596001	S	1	1979
36310	0	1123	0	S	1	1994
50600	0	1570	62625	S	1	1984
62825	0	200	11525	F	1	1988
100800	0	4529	112873	S	2	1978
20344	0	629	0	S	2	1993
121750	0	1230	111417	S	2	1977
9684	0	299	0	S	2	1993
9904	0	9194	0	S	2	1993
51450	0	1220	47169	S	1	1983
51025	0	1578	63152	S	1	1984
35075	0	825	32156	S	1	1983
20380	0	19603	0	S	1	2015
62700	0	625	11075	F	1	1988
62175	0	625	10975	F	1	1988
31975	0	200	250	P	1	1987
64025	0	850	323125	S	1	1988
84100	0	422	76978	P	1	1977
48100	0	1488	3835	S	1	1984
41850	0	372	419846	S	1	1986
54371	0	1675	235154	P	1	1988
60900	0	1884	197216	P	1	1983
46100	0	1424	185570	P	1	1987
19200	0	60	19219	S	1	1987
30100	0	90	30131	S	1	1987
53675	0	50	425	P	1	1987
41075	0	419	2758	S	1	1986
9800	0	0	75	P	1	1987
53673	0	50	602	P	1	1987
62350	0	1075	314627	S	1	1988
21422	0	19885	0	S	2	1993
20426	0	18961	0	S	2	1993
9156	0	8499	0	S	2	1993
10500	0	9747	0	S	2	1993
21333	0	19803	0	S	2	1993
1019	0	0	0	S	1	2005
4640	0	20	0	P	1	2002
0	0	181618	0	S	1	2002
0	0	349890	0	S	1	2002
0	0	354003	0	S		1999
0	44335	0	1371	S	1	2001
56706	0	123522	0	S	2	2002
56602	0	123296	0	S	2	2002
56605	0	123302	0	S	2	2002
51508	0	112199	0	S	2	2002
56493	0	123058	0	S	2	2002
0	56181	0	1737	S	2	2002
0	55737	0	1724	S	1	2002
0	0	15785	0	S	1	2001
0	0	94996	0	S	1	2001
0	0	0	44819	S	1	2001
0	0	0	298742	P	1	2001
0	0	0	155887	P	1	2001
0	0	519070	0	P	1	2001
0	0	0	13919	P	1	2001
0	0	89490	0	P	1	2001
0	0	171508	0	S	3	2002
0	21749	0	673	S	1	2001
0	39599	0	1225	S	1	2001
0	0	104207	0	P	1	2001
0	0	40582	0	P	1	2001
0	0	300018	0	S	1	2002
0	0	419869	0	S	2	2002
0	0	0	1380	S	2	2002
41243	0	1275	0	S	1	2002
44319	0	1370	0	S	1	2002
40378	0	1249	0	S	1	2002
0	51585	0	1595	S	1	2002
0	10315	0	319	S	1	2002
0	49680	0	1536	S	1	2002
0	30577	0	946	S	2	2002
0	33531	0	1037	S	2	2002
0	23117	0	715	S	2	2002
0	0	206473	0	S	1	2002
0	0	279968	0	S	1	2002
0	0	70350	0	S	1	2002
0	0	544871	0	S	1	2002
0	0	0	40433	S	1	2002
0	0	0	36259	P	2	1994
0	0	0	290000	P	2	1989
0	0	0	6066	S	1	1976
0	0	0	260956	P	1	1976
0	0	0	59295	S	1	1979
0	0	0	169787	S	1	1984
0	0	0	51714	S	1	1984
0	0	0	259589	S	1	1984
0	9233	0	1284	P	8	2003
0	0	0	320386	P	1	1991
0	0	0	0	S	1	1994
0	195690	0	299525	P	8	2002
0	0	0	0	P	1	1994
0	0	0	0	S	1	1995
0	0	0	399735	P	1	1976
0	0	0	700000	P	1	1977
0	0	0	50300	P	1	1978
0	0	0	18480	P	1	1982
0	0	0	95658	S	1	1981
0	0	122017	0	S	2	1997
0	0	0	44373	S	1	1979
0	0	0	156362	S	1	1979
0	0	0	206770	P	1	1979
0	0	0	157440	S	1	1980
0	0	0	267551	P	1	1980
0	0	0	28046	S	3	1982
0	0	0	147111	S	3	1982
0	0	0	64860	S	3	1982
0	0	0	54000		1	1984
0	0	0	78895	S	3	1983
0	0	0	209152	S	2	1985
0	0	0	164286	S	1	1986
0	0	0	40000	P	3	1979
0	0	0	123222	S	1	1991
0	0	0	98300	S	1	1991
0	0	0	1496	P	1	1991
0	0	0	303801	P	1	1991
0	0	0	50480	P	1	1991
0	0	0	188764	S	1	1992
0	0	0	327665	S	3	1983
0	0	0	78859	S	1	1981
0	0	0	28100	S	1	1982
0	0	0	132651	S	1	1983
0	0	0	127472	S	1	1983
0	0	0	38024	S	2	1982
0	0	0	122546	S	1	1983
0	0	0	94640	S	1	1983
0	0	0	82377	S	1	1984
0	0	0	267406	G	1	1984
0	0	0	621600	S	1	1978
0	0	0	90400	S	1	1978
0	0	0	115200	S	1	1978
0	0	0	33600	S	1	1978
0	0	0	23200	S	1	1978
0	0	0	289900	S	2	1978
0	0	0	97327	P	1	1978
0	0	0	52120	S	1	1978
0	0	0	158355	S	1	1979
0	0	0	236670	S	2	1979
0	0	0	35100	S	1	1979
0	0	0	124800	S	2	1980
0	0	0	63355	S	2	1997
0	0	0	301753	S	1	1985
0	0	0	778407	S	1	1988
0	0	0	285600	S	2	1976
0	0	0	250200	P	1	1977
0	0	0	80948	S	1	1986
0	0	0	12095	S	2	1986
0	0	0	444700	S	1	1987
0	0	0	258600	S	2	1987
0	0	0	294000	S	2	1988
0	0	0	304500	S	2	1988
0	0	0	536500	S	2	1989
0	0	0	479800	S	2	1989
0	0	0	1058000	S	2	1990
0	0	0	227500	S	2	1991
0	0	0	0	S	2	1992
0	0	0	0	S	2	1994
0	0	0	64746	S	1	1995
0	0	82683	0	S	1	1995
0	0	0	0	S	2	1995
0	0	0	314500	P	1	1989
0	0	0	293491	S	1	1991
0	0	0	139700	S	1	1976
0	0	0	66000	S	1	1976
0	0	0	206250	S	1	1977
0	0	0	43500	S	1	1977
0	0	0	349965	P	1	1977
0	0	0	450199	P	1	1977
0	0	0	80600	P	1	1977
0	0	0	500055	S	1	1978
0	0	0	0	S	1	1994
0	0	0	0	S	1	1994
0	0	0	0	P	1	1994
0	0	85838	0	S	1	1997
0	0	75917	0	S	1	1995
0	0	0	17595	S	1	1995
0	0	0	31250	S	1	1995
0	0	0	205593	S	1	1995
0	0	25025	0	P	1	1994
0	0	0	0	S	1	1995
0	0	0	0	S	1	1995
0	0	0	0	S	1	1995
0	0	0	12368	S	1	1994
0	0	0	20965	S	1	1984
0	0	0	85052	S	1	1984
0	0	0	72130	S	1	1984
0	0	0	1390508	S	1	1982
0	0	0	2998103	S	1	1983
0	0	0	3246197	S	1	1984
0	0	0	1816729	P	1	1984
0	0	0	154308	S	1	1980
0	0	0	187668	S	1	1980
0	0	0	503089	S	1	1981
0	0	0	16922	S	1	1982
0	0	0	264000	S	1	1976
0	0	0	164930	S	1	1977
0	0	0	195700	S	1	1977
0	0	0	89200	S	1	1977
0	0	0	73234	S	1	1978
0	0	0	301029	S	1	1979
0	0	0	527500	S	1	1980
0	0	0	369507	S	1	1982
0	0	0	0	S	2	1995
0	0	0	0	S	2	1995
0	0	0	437360	S	1	1985
0	0	0	140000	S	1	1986
0	0	0	400600	S	1	1988
0	0	0	500000	S	1	1989
0	0	0	250000	S	1	1990
0	0	0	551200	S	1	1990
0	0	0	500500	S	1	1991
0	0	0	100100	S	1	1991
0	0	0	0	S	1	1994
0	0	0	0	S	1	1994
0	0	0	0	S	1	1994
0	0	0	0	S	2	1994
0	0	0	0	S	1	1995
0	0	0	0	S	1	1995
0	0	0	0	P	1	1993
10785	637	0	49	S	1	2001
0	0	0	160997	F	1	2012
0	0	0	17600	S	1	1976
0	0	0	240500	P	1	1989
0	0	0	12000	P	1	1993
0	0	0	79998	P	1	1993
0	0	0	40875	P	1	1993
0	0	0	120972	S	2	1976
0	0	0	437332	S	1	1983
0	0	0	13690	S	2	1983
0	0	0	0	P	1	1994
0	0	0	13739	S	1	1986
0	0	0	54600	S	1	1986
0	0	0	54090	S	1	1986
0	0	0	149800	S	1	1986
0	0	0	101500	S	1	1986
0	0	0	59924	P	3	1981
0	0	0	47550	S	3	1980
0	0	0	59850	S	3	1980
0	0	0	21400	S	1	1988
0	0	0	21400	P	1	1988
0	0	0	198200	S	1	1989
0	0	0	88000	P	1	1989
0	0	0	51000	P	1	1989
0	0	0	200800	S	1	1990
0	0	0	491290	P	1	1990
0	0	0	2000	P	1	1990
21353	0	238	41705	S	2	1992
22002	0	246	42972	S	2	1992
20807	0	274	24985	S	2	1991
22608	0	0	27147	S	2	1991
21810	0	287	26189	S	2	1991
21463	0	0	25772	S	2	1991
20577	0	230	0	S	2	1992
20308	0	227	0	S	2	1992
21442	0	282	25747	S	2	1991
21502	0	283	25819	S	2	1991
79000	0	2450	165995	S	2	1977
19387	0	1415	23280	S	2	1991
72200	0	4366	2734	S	2	1978
44350	0	2581	114823	S	2	1989
40450	0	1122	116506	S	2	1981
103450	0	1108	213364	S	2	1987
104675	0	637	216754	S	2	1986
21443	0	282	25748	S	2	1991
41325	0	2405	106990	S	2	1989
21253	0	280	25520	S	2	1991
43025	0	2504	111392	S	2	1989
62378	0	1273	141765	S	2	1990
247825	0	3372	597591	S	2	1988
21996	0	246	42960	S	2	1992
21620	0	285	25961	S	2	1991
104525	0	1120	215581	S	2	1987
103850	0	1113	214189	S	2	1987
43800	0	1355	182845	P	1	1979
37000	0	300	162700	P	1	1978
49500	0	1500	214000	P	1	1980
21693	0	242	42369	S	2	1992
116200	0	6800	113670	S	2	1979
40100	0	2471	246850	S	2	1985
105375	0	644	218203	S	2	1986
61900	0	0	149352	S	2	1988
21527	0	284	25849	S	2	1991
251158	0	5125	570801	S	2	1990
0	0	0	5712	P	1	1998
0	0	0	162119	P	1	1998
53419	0	979	340722	S	1	1989
19878	0	1799	151438	S	1	1991
125600	0	1269	1322389	S	1	1977
55600	0	562	366693	S	1	1990
103275	0	1043	433274	S	1	1986
51925	0	791	1235690	S	1	1981
219416	0	9540	2345099	S	1	1988
53850	0	544	355152	S	1	1990
39100	0	2020	1240043	S	1	1980
51985	0	953	331577	S	1	1989
103125	0	1042	432645	S	1	1986
87450	0	4409	852762	S	1	1987
19725	0	994	112327	S	1	1985
20550	0	15535	0	S	1	1996
0	0	0	33681	S	1	1998
20370	0	15817	0	S	1	1996
21700	0	16849	0	S	1	1996
21474	0	16234	0	S	1	1996
21419	0	16631	0	S	1	1996
21213	0	656	90267	P	1	1990
21713	0	672	92394	P	1	1990
21220	0	656	90296	P	1	1990
0	0	0	194686	S	2	2000
0	0	0	22982	S	2	1998
0	0	53837	0	S	2	2000
0	0	65648	0	S	2	1998
60400	0	2500	77100	S	1	1977
60650	0	1576	809317	S	1	1978
38300	0	1637	531727	S	1	1981
55600	0	4768	750632	S	1	1977
47500	0	2342	306553	S	1	1990
17062	0	172	1936	S	1	1991
19928	0	201	2262	S	1	1991
21772	0	220	12368	S	1	1991
41175	0	1274	205791	S	1	1984
51981	0	1608	446911	S	1	1992
40300	0	1988	81526	S	1	1983
41900	0	1296	209414	S	1	1984
98273	0	401263	0	S	1	1995
50275	0	1877	264759	P	1	1988
48386	0	887	307684	S	1	1989
21662	0	219	12306	S	1	1991
52851	0	523	0	S	1	1992
45275	0	7248	143609	P	1	1989
22103	0	201	12557	S	1	1991
101175	0	1640	258050	S	1	1987
51700	0	522	333658	S	1	1990
101850	0	619	259771	S	1	1987
14993	0	45	9270	S	1	1991
46525	0	5169	147574	P	1	1989
19625	0	589	56058	S	1	1987
195367	934	3870	0		3	2005
47225	0	2644	206513	S	1	1990
30575	0	917	87336	S	1	1987
46600	0	4051	198549	S	1	1988
59529	0	601	245170	P	1	1989
51125	0	516	329948	S	1	1990
46300	0	5200	387701	S	1	1979
52883	0	2978	0	S		1999
51404	0	113885	0	P	1	1998
52873	0	2976	0	S		1999
53276	0	3000	0	S		1999
39439	0	265	0	S	1	1995
53686	0	360	0	S	1	1995
34699	0	829	0	S	1	1995
49816	0	1017	0	S	1	1995
100450	0	1644	256201	S	1	1987
49805	0	3067	316708	S	1	1989
14311	0	43	8848	S	1	1991
38300	0	1154	129075	S	1	1986
17500	0	53	10819	S	1	1991
41200	0	1100	175797	S	1	1985
50945	0	2573	0	S	1	1992
21235	0	64	2410	S	1	1991
49700	0	1856	261731	P	1	1988
11908	0	36	7362	S	1	1991
62100	0	187	260132	S	1	1988
246565	0	3247	1032658	S	1	1988
21406	0	282	25704	S	2	1991
60600	0	1565	121731	S	2	1983
105325	0	636	218099	S	2	1986
46400	0	2187	120130	S	2	1989
21501	0	283	25818	S	2	1991
21427	0	239	41849	S	2	1992
21331	0	281	25614	S	2	1991
21558	0	241	42105	S	2	1992
19537	0	1584	148840	S	1	1991
50305	0	1376	324655	S	1	1990
50400	0	1559	265443	P	1	1988
20026	0	1624	152566	S	1	1991
50843	0	932	324292	S	1	1989
88200	0	4447	860445	S	1	1987
19556	0	1586	148985	S	1	1991
19500	0	1581	148558	S	1	1991
60449	0	1302	0	S	1	1992
20525	0	1310	156367	S	1	1991
53151	0	974	339013	S	1	1989
39200	0	2046	1243214	S	1	1980
0	218150	0	621	Y	3	2005
55100	0	557	363396	S	1	1990
19600	0	1589	149320	S	1	1991
55100	0	557	363396	S	1	1990
40850	0	2059	232628	S	1	1985
0	21816	0	674	P	1	1992
0	22553	0	697	P	1	1992
0	10004	0	310	P	1	1992
0	101743	0	3147	P	1	1992
118813	0	109123	0	S	2	2018
113007	0	705030	0	S	1	2018
105841	0	1829042	0	S	1	2018
119802	0	2377286	0	S	1	2018
0	0	200000	0	S	1	2018
119310	0	186871	0	S	1	2018
0	144549	0	686	S	1	2018
88107	0	592	0	S	1	2018
108598	0	729	0	S	1	2018
88680	0	0	0	S	1	2018
108720	0	730	0	S	1	2018
0	116515	0	220014	S	2	2018
0	0	147997	0	S	1	2018
0	155373	0	520	S	2	2018
118172	0	848038	0	S	2	2018
0	67534	0	807	S	2	2018
119477	0	870935	0	S	2	2018
0	167880	0	421	S	1	2018
201376	103	841583	2722	P	3	2018
64075	0	0	0	P	1	1988
0	131121	0	1191	Y	1	2006
0	5841	0	59	S	1	2014
0	129271	0	1305	S	1	2014
19186	0	172290	0	S	1	2014
100191	0	899200	0	S	1	2014
0	119989	0	330	S	2	2014
0	90130	0	138	S	2	2014
0	206800	0	236	S	2	2014
119789	0	153760	0	S	1	2014
0	18868	0	255	S	1	2014
0	0	1450	0	S	3	2001
0	171140	0	2314	S	1	2014
0	178407	0	1801	S	1	2014
13936	0	110086	0	S	2	2014
78953	0	624346	0	S	2	2014
48234	0	3742	0		1	1985
0	142097	0	409	S	2	2014
19374	0	380982	0	S	1	2014
101550	0	1996943	0	S	1	2014
0	0	400000	0	S	1	2014
0	15333	0	278	S	2	2014
0	214519	0	3882	S	2	2014
111350	0	702523	0	S	2	2014
18473	0	63599	0	S	1	2014
101153	0	348424	0	S	1	2014
118805	0	20662	0	S	1	2014
41150	0	166	0	S	1	1980
50000	0	710	0	S	1	1981
40100	0	1032	0	S	1	1980
0	21086	0	652	P	2	1998
0	38793	0	1199	P	2	1998
63778	0	102795	0	S	2	2000
47625	0	1322	0	S	2	1981
0	38341	0	1186	S		1999
0	0	0	10126	P	1	1992
0	53476	0	1654	S		1999
0	10910	0	337	S		1999
16865	0	522	0	P	1	1992
57812	0	1788	0	P	1	1993
40725	0	1260	0	S	1	1984
0	311699	0	9641	S	1	1993
53916	0	420872	0	S		1999
0	22164	0	360	S	1	2000
8905	0	425	0	S		1999
98190	0	3037	0	P	1	1992
67076	0	6743	0	F	3	2006
16936	0	524	0	P	1	1992
0	21964	0	78	S		1999
21128	0	1009	0	S		1999
0	7833	0	242	S	1	2000
0	151676	0	0	P	1	2004
0	21193	0	277	S		1999
0	21133	0	296	S		1999
0	27085	0	531	S	1	2000
0	27027	0	551	S	1	2000
0	26806	0	546	S	1	2000
0	9988	0	292	S	1	2000
21248	0	143	0	S	1	1993
20950	0	647	0	P	1	1992
14970	0	463	0	P	1	1992
15097	0	467	0	P	1	1992
16295	0	165	0	S	1	1992
14080	0	436	0	P	1	1992
78300	0	2421	0	S	3	1982
53744	0	134313	0	S		1999
54863	0	137110	0	S		1999
304600	0	3700	0	S	2	1993
53362	0	43342	0	S	2	1995
25796	0	47738	0	S	2	1998
54451	0	1684	0	S	2	1993
60567	0	49195	0	S	2	1995
52965	0	1638	0	S	2	1993
52392	0	1620	0	S	2	1993
55146	0	44792	0	S	2	1995
0	0	0	0	P	2	1998
40850	0	1134	0	S	2	1981
63324	0	278147	0	S	2	1996
52383	0	96939	0	S	2	1998
34952	0	87349	0	S		1999
51931	0	96103	0	S	2	1998
63988	0	51974	0	S	2	1995
61907	0	50284	0	S	2	1995
63812	0	51831	0	S	2	1995
53374	0	133388	0	S		1999
52751	0	411778	0	S		1999
55020	0	429490	0	S		1999
54886	0	1697	0	S	1	1993
333642	0	10319	0	S	1	1993
108964	0	3371	0	S	1	1993
49000	0	746	0	S	1	1981
15464	0	478	0	P	1	1992
21661	0	670	0	P	1	1992
33600	0	2144	0	S	1	1984
33650	0	2137	0	S	1	1984
65088	0	423103	0	S	1	2000
113452	0	3509	0	S	1	1993
16311	0	165	0	S	1	1992
0	6938	0	25	S		1999
21578	0	667	0	P	1	1992
23277	0	970	0	S	1	1993
0	7885	0	103	S		1999
41754	0	2909	0	S		1999
0	10336	0	135	S		1999
0	10855	0	152	S		1999
15739	0	487	0	P	1	1992
40727	0	585	0	S		1999
52439	0	409343	0	S		1999
66012	0	429109	0	S	1	2000
54067	0	422051	0	S		1999
55139	0	430419	0	S		1999
0	110086	0	3405	S	1	1993
65537	0	426022	0	S	1	2000
21569	0	107127	0	S	1	1996
65456	0	425495	0	S	1	2000
326156	0	570014	0	S	1	1998
0	53941	0	1668	S	1	1993
0	77962	0	3248	S	1	2003
44250	0	674	0	S	1	1981
41125	0	0	0	S	1	1982
53420	0	5057	0	S	1	1998
54015	0	6017	0	S	1	1998
56248	0	1853	0	S	1	2000
47984	0	1485	0	S	1	2000
47682	0	1569	0	S	1	2000
37524	0	1236	0	S	1	2000
67414	0	83564	3581	S	1	2017
66327	0	12883	18	S	1	2017
47807	0	1479	0	S	1	2000
47195	0	1460	0	S	1	2000
34228	0	1059	0	P	1	1994
0	290014	0	6827	S	1	2002
50607	0	2478	0	S	1	1992
0	0	197124	0	S	2	2001
51964	0	702	0	S	1	1995
51934	0	1060	0	S	1	1995
102314	0	0	514	S	1	2011
0	0	200000	0	S		1999
0	0	135669	0	S		1999
0	0	79563	0	S	1	2000
0	0	463068	0	S	1	2000
0	0	0	132750	S	2	1993
0	0	0	74981	P		1999
0	0	0	89299	P		1999
0	18837	0	583	S		1999
0	0	0	13501	P		2001
0	0	0	79735	P	1	2000
0	0	0	105607	P	1	2000
53214	0	1646	0	P	2	2000
67531	0	2089	0	P	2	2000
0	52607	0	1627	P	2	2000
40672	0	4089	0	F	3	2006
54092	0	1218749	0	S	1	2006
53448	0	1204239	0	S	1	2006
39912	0	167408	0	S	1	2006
41643	0	381960	0	S	1	2006
41390	0	567082	0	S	1	2006
0	9484	0	294	S	1	2006
54068	0	1672	0	S	1	2006
0	0	200000	0	S	1	2006
0	88093	0	2724	S	1	2006
0	6737	0	208	S	1	2006
42013	0	1299	0	S	1	2006
0	0	348934	0	F	1	2005
53279	0	1648	0	S	1	2006
54188	0	1675	0	S	1	2006
0	11381	0	352	S	1	2003
0	0	0	392028	P		2002
0	0	0	4936	S		2002
0	0	0	3670	P		2002
0	0	0	25937	S		2002
0	0	750317	0	S	1	2004
0	0	0	39220	S		2002
0	71117	0	2656	S	1	2003
0	24001	0	742	S	2	2001
0	55600	0	1534	S	1	2001
0	59360	0	1836	S	2	2001
66817	0	80595	0	S	1	2001
67303	0	81181	0	S	1	2001
64815	0	78180	0	S	1	2001
68125	0	82172	0	S	1	2001
66817	0	80595	0	S	1	2001
0	0	0	2814	P		1998
0	22406	0	692	P	2	2003
42595	0	83564	0	S	1	2007
0	0	261433	0	S	1	2007
0	65845	0	2037	S	1	2007
0	0	0	301528	F	1	2005
0	0	140989	0	S	1	2006
0	43959	0	1359	S	1	2004
0	42371	0	1310	S	2	2004
0	29209	0	903	S	2	2004
65997	0	120249	0	S	2	2004
61004	0	1886	0	S	3	2004
0	71505	0	2212	S	1	2003
0	72140	0	1926	S	1	2003
50447	0	389105	0	S	1	2004
0	13598	0	421	S	1	2004
0	55597	0	1719	S	2	2004
0	52067	2497	1610	S	1	2004
0	0	376797	0	S	1	2004
0	0	354868	0	S	1	2004
46880	0	361592	0	S	1	2004
54685	0	421793	0	S	1	2004
55843	0	430725	0	S	1	2004
55174	0	425565	0	S	1	2004
0	0	300140	0	S	1	2004
0	0	499956	0	S	1	2004
30434	0	256176	0	S	2	2004
0	42312	0	1309	S	1	2003
25774	0	249002	0	S	2	2004
0	9404	0	291	S	2	2004
0	0	0	25501	S	1	2016
0	0	66150	0	P	1	2004
0	0	343967	0	P	1	2004
0	0	64263	0	P	1	2004
56986	0	121702	0	S	2	2003
0	0	0	108323	P	1	2003
55744	0	324722	0	S	1	2003
55390	0	322660	0	S	1	2003
56682	0	330186	0	S	1	2003
55558	0	323639	0	S	1	2003
54237	0	315943	0	S	1	2003
0	0	338679	0	S	1	2003
0	0	209246	0	S	3	2003
0	15804	0	489	P	1	2003
0	16038	0	496	P	1	2003
0	0	385431	0	P	1	2003
0	0	0	122152	P	1	2003
0	55524	0	1718	P	2	2003
25913	1479	327	11	S	1	2002
0	0	0	34404	F	1	2012
0	0	0	169996	P	1	2002
0	0	400000	0	S	1	2006
65609	0	668550	0	S	1	2006
22643	0	272	0	S	1	1996
41643	0	174670	0	S	1	2006
65931	0	6628	0	F	3	2006
0	21004	0	650	S	1	2003
0	18273	0	565	S	1	2003
0	0	0	42212	S		2003
0	0	0	34839	S		2003
0	0	196559	0	S	1	2003
0	7755	0	240	S	2	2003
0	30515	0	944	S	2	2003
55966	0	119524	0	S	2	2003
55844	0	119263	0	S	2	2003
56943	0	121610	0	S	2	2003
56379	0	120406	0	S	2	2003
0	53962	0	1668	S	2	2003
0	55843	0	1726	S	2	2003
0	10926	0	338	S	2	2003
0	55503	0	1717	S	2	2003
0	55465	0	1715	S	2	2003
0	55415	0	1714	S	2	2003
0	11453	0	354	S	1	2003
0	59946	0	1854	P	2	2002
0	12948	0	400	P	1	2002
0	9975	0	308	P	1	2002
0	12484	0	386	P	1	2002
0	0	0	85356	P	1	2002
0	0	0	404153	P	1	2002
0	0	123677	0	P	1	2002
0	10704	0	331	S	1	2003
0	5061	0	157	S	1	2003
0	51753	0	1601	S	1	2003
0	53478	0	1654	S	1	2003
0	0	960193	0	S	1	2003
0	0	90616	0	S	1	2003
0	0	350665	0	S	1	2003
0	0	351066	0	S	1	2003
0	0	629687	0	S	2	2003
65518	0	56622	0	S	1	2018
58965	233	1977	0	S	1	2018
58090	232	2672	232	S	1	2018
65554	130	12139	20	S	1	2018
0	0	0	43474	S		2001
0	0	113772	0	S	3	2001
41207	0	29727	0	S	1	2018
54541	101	26871	49	S	1	2018
48621	0	6135	0	P	3	2007
56999	0	182806	0	S	2	2007
0	0	125435	0	S	1	2007
0	0	0	299690	P	1	2002
0	0	526762	0	P	1	2002
0	0	0	392028	P		2002
0	0	0	4936	S		2002
0	0	0	3670	P		2002
0	0	0	39220	S		2002
0	32540	0	1006	S	2	2003
54094	0	115526	0	S	2	2003
55914	0	325712	0	S	1	2003
0	0	0	234361	P	1	2003
39394	0	128123	0	S	2	2006
44039	0	143231	0	S	2	2006
0	82706	0	0	P	8	2005
43390	0	141120	0	S	2	2006
42287	0	137533	0	S	2	2006
0	38472	0	1190	S	2	2006
0	5615	0	174	S	2	2006
60633	2707	50776	677	S	1	2012
69606	0	223239	0	S	2	2007
67213	0	215565	0	S	2	2007
41461	0	81339	0	S	1	2007
40788	0	209536	0	S	1	2007
41152	0	214507	0	S	1	2007
70185	0	490	0	S	8	2006
0	0	125018	0	S	1	2007
0	0	133829	0	S	1	2007
2463	0	76	0	S	1	2007
55049	0	665	0	S	1	2007
54729	0	1595	0	S	1	2007
22525	0	440	0	S	1	2007
53970	0	416278	0	S	1	2004
0	0	909926	0	S	2	2003
39689	0	383434	0	S	2	2004
54540	0	161140	0	S	2	2005
55289	0	163353	0	S	2	2005
47351	0	139899	0	S	2	2005
54012	0	159579	0	S	2	2005
53702	0	158664	0	S	2	2005
0	21102	0	1915	Y	1	2014
0	0	0	215		3	2018
0	51619	0	1596	S	2	2005
0	50455	0	1560	S	2	2005
0	0	0	134769	S	1	2005
42459	0	155517	0	S	1	2005
44167	0	161774	0	S	1	2005
43467	0	155845	0	S	1	2005
44064	0	157986	0	S	1	2005
43813	0	134882	0	S	1	2005
42049	0	129450	0	S	1	2005
30619	0	251506	0	S	2	2005
10205	0	83825	0	S	2	2005
65020	0	534077	0	S	2	2005
53470	0	389670	0	S	1	2007
0	0	220000	0	P	2	2004
0	0	183923	0	P	1	2004
0	0	122326	0	P	1	2007
0	0	384520	0	P	1	2007
0	0	0	304026	P	1	2007
0	0	135934	0	S	1	2006
0	55024	0	1702	S	2	2004
0	56326	0	1742	S	2	2004
0	6272	0	194	S	1	2004
0	38616	0	1195	S	1	2004
0	43908	0	1358	S	1	2004
0	35483	0	1098	S	1	2004
51817	0	262555	0	S	1	2004
10638	0	53902	0	S	1	2004
40519	0	205308	0	S	1	2004
0	16212	0	501	S	2	2004
0	54747	0	1693	S	2	2004
0	53792	0	1664	S	2	2004
0	26483	0	819	S	2	2004
62802	0	114427	0	S	2	2004
65050	0	118524	0	S	2	2004
65870	0	120017	0	S	2	2004
64182	0	116942	0	S	2	2004
0	0	9957	0	S	3	2004
63711	0	1971	0	S	3	2004
35760	0	1106	0	S	3	2004
52760	0	1322676	0	S	1	2005
53165	0	1332829	0	S	1	2005
0	0	183923	0	P	1	2004
0	0	200000	0	S	1	2005
0	0	300000	0	S	1	2005
0	0	0	5089	S	1	2002
0	0	0	3784	P	1	2002
0	213401	0	6600	S	2	2006
60988	0	621463	0	S	1	2006
52386	0	968216	0	S	2	2006
51749	0	1600	0	S	2	2006
43912	0	142818	0	S	2	2006
53548	0	4726	0	F	3	2005
21094	0	1861	0	F	3	2005
20578	0	1816	0	F	3	2005
54047	0	4769	0	F	3	2005
24709	0	2180	0	F	3	2005
0	0	350193	0	S	1	2005
11247	0	1419	0	P	3	2007
44638	0	5633	0	P	3	2007
40633	0	1257	0	S	1	2007
52146	0	1145593	0	S	1	2007
52195	0	1146668	0	S	1	2007
0	0	135738	0	S	1	2007
0	0	350388	0	S	1	2007
64590	0	207152	0	S	2	2007
62921	128	1918	384	S	1	2008
44309	0	144109	0	S	2	2006
0	21374	0	661	S	1	2007
54727	0	923736	0	S	2	2007
66620	0	485502	0	S	1	2007
64643	3531	48614	407	S	1	2012
22795	0	2369	0	F	3	2008
55004	0	5714	0	F	3	2008
59413	1188	48848	5545	S	1	2012
0	47738	0	1477	S	1	2008
28493	0	23510	0	S	1	2009
42059	0	74554	0	S	1	2009
42070	0	223628	0	S	1	2009
66053	0	67517	0	S	1	2009
6228	286	39	7	S	1	2002
33898	0	34649	0	S	1	2009
23092	0	2399	0	F	3	2008
36767	0	36590	0	S	1	2009
64475	0	64166	0	S	1	2009
31960	0	335527	0	S	1	2009
29188	0	306426	0	S	1	2009
52344	0	1619	0	S	1	2009
63117	0	207512	0	S	2	2009
22724	0	74711	0	S	2	2009
65016	0	213756	0	S	2	2009
107251	0	352613	0	S	2	2009
0	0	200250	0	S	1	2009
0	0	501750	0	S	1	2009
51950	0	5836	0	F	3	2009
3263	199	119	0	S	1	2001
0	0	0	1757	Y	3	2009
17650	0	1833	0	F	3	2008
0	0	141731	0	S	1	2008
0	28001	0	867	S	1	2008
0	0	0	1256		3	1996
55816	0	5799	0	F	3	2008
52369	0	1620	0	S	1	2008
41120	0	1272	0	S	1	2008
0	76982	0	2385	S	8	2006
50175	0	1552	0	S	1	2008
0	44166	0	1366	S	1	2008
0	56442	0	1746	S	1	2008
42521	0	382198	0	S	1	2008
42023	0	524729	0	S	1	2008
55131	0	1212374	0	S	1	2008
53335	0	1172879	0	S	1	2008
0	0	201825	0	S	1	2008
0	0	488910	0	S	1	2008
53311	0	294709	0	S	2	2008
53211	0	294156	0	S	2	2008
52448	0	289938	0	S	2	2008
99163	0	488	0	P	8	2006
0	85440	0	2645	S	2	2008
64803	0	214757	0	S	2	2008
65602	0	217405	0	S	2	2008
65806	0	218081	0	S	2	2008
49626	0	164461	0	S	2	2008
0	54105	0	1674	S	1	2008
0	11931	0	369	S	1	2008
120580	0	746889	0	S	2	2015
114150	0	514825	0	S	2	2015
181545	0	1834	0	S	1	2015
0	193736	0	3954	S	1	2015
0	198719	0	515	S	2	2015
115887	0	1232493	0	S	1	2015
0	88347	0	2733	S	2	2009
64892	0	7289	0	F	3	2009
47783	0	39427	0	S	1	2009
0	42056	0	1301	S	1	2009
143018	0	2360693	0	S	1	2009
58589	0	543998	0	S	1	2010
65917	0	1575	0	S	1	2010
0	0	500500	0	S	1	2010
0	10697	0	331	S	1	2010
0	17920	0	554	S	1	2010
50433	0	401	0	F	3	2010
0	3167	0	11	S	2	2010
41512	0	467448	0	S	1	2010
63149	0	566066	0	S	2	2010
54244	0	486242	0	S	2	2010
0	3511	0	12	S	2	2010
0	21520	0	73	S	2	2010
0	20833	0	71	S	2	2010
50554	0	1188821	0	S	1	2010
0	0	230048	0	S	1	2010
38509	0	433633	0	S	1	2010
38704	0	435828	0	S	1	2010
0	21841	0	676	S	1	2010
0	22124	0	684	S	1	2010
0	22387	0	692	S	1	2010
0	22225	0	687	S	1	2010
0	21669	0	670	S	1	2010
0	22250	0	688	S	1	2010
0	12370	0	383	S	1	2010
0	0	201714	0	S	1	2010
49226	0	50644	0	S	1	2010
8106	0	7880	0	S	1	2010
54765	0	53235	0	S	1	2010
41740	0	96605	0	S	1	2010
0	0	0	596062	S	1	1992
0	0	0	303801	P	1	1991
26745	0	1192	2088		1	1985
19098	0	395661	0	S	1	2012
97760	0	240075	0	S	1	2012
187146	0	15135	0	F	3	2012
0	0	200000	0	S	1	2012
0	177129	0	2140	S	2	2012
0	203116	0	1711	S	2	2012
0	1485	0	5	S	2	2012
22973	0	23774	0	S	1	2012
92272	0	95492	0	S	1	2012
19851	0	165660	0	S	1	2012
100225	0	837203	0	S	1	2012
0	138699	0	1535	S	1	2012
22916	0	28673	0	S	1	2012
99300	0	124246	0	S	1	2012
20208	0	49927	0	S	1	2012
95934	0	1987504	0	S	1	2012
0	0	418000	0	S	1	2012
0	194730	0	2306	S	1	2012
19078	0	154500	0	S	1	2012
99643	0	806943	0	S	1	2012
0	176694	0	2327	S	1	2012
0	197659	0	134787	P	8	2006
194762	3606	2232	133		3	2008
98651	0	608533	0	S	2	2012
19585	0	120811	0	S	2	2012
0	241265	0	0	S	2	2012
125489	0	661599	0	S	2	2012
0	87549	0	2708	S	2	2011
65989	0	95500	0	S	1	2011
0	64087	0	1308	S	1	2011
98352	0	409630	0	S	2	2011
57537	0	496833	0	S	1	2011
0	85692	0	3246	S	1	2011
0	108774	0	4075	S	2	2011
0	106273	0	4026	S	1	2011
0	926	0	29	S	2	2011
64663	0	152152	0	S	1	2011
58497	0	138445	0	S	1	2011
58130	0	502260	0	S	1	2011
53169	0	76946	0	S	1	2011
38303	0	407996	0	S	1	2011
38284	0	407794	0	S	1	2011
38185	0	406740	0	S	1	2011
0	0	198640	0	S	1	2011
167137	0	15769	0	F	3	2011
61062	0	450318	0	S	2	2011
61930	0	456718	0	S	2	2011
64755	0	87046	0	S	1	2011
0	75422	0	1540	S	1	2011
51237	0	68875	0	S	1	2011
99197	0	2383984	0	S	1	2011
0	0	200000	0	S	1	2011
0	0	400000	0	S	1	2011
42621	0	177514	0	S	2	2011
0	0	0	302782	F	1	2011
42837	85	254	0	P	1	1988
0	0	25082	0	S	1	1996
0	0	9869	0	S	2	1996
0	0	0	9356	S	2	1996
0	0	0	224958	S	2	1996
0	0	0	24002	S	1	1996
0	0	37071	0	S	1	1996
0	0	0	24990	P	2	1997
0	0	52526	0	S	2	1997
0	0	0	2901	P	1	1998
0	0	215840	0	S	1	2000
50722	993	1173	81068		1	1985
0	0	200000	0	S	1	2016
0	154174	0	188	S	2	2016
121686	0	752334	0	S	2	2016
116444	0	2388806	0	S	1	2016
99005	0	293734	0	S	1	2016
0	49165	0	164	S	2	2016
0	17016	0	57	S	2	2016
119902	0	190519	0	S	1	2016
0	243670	0	815	S	2	2016
119798	0	671780	0	S	1	2016
0	154147	0	0	S	1	2016
113539	0	926927	0	S	2	2016
119934	0	369138	0	S	1	2016
116235	0	1346115	0	S	1	2016
0	0	2151326	0	S	1	1994
306244	0	9472	0	S	1	1994
0	51858	0	1937	Y	1	2008
0	0	80600	0	S	1	1994
0	0	380504	0	S	1	1994
9139	0	283	0	S	1	2017
0	0	0	1242		3	1996
116263	0	651971	0	S	1	2017
0	0	67848	0	P	1	2008
0	0	21864	0	S	1	1994
0	67199	0	160	S	2	2017
0	0	200000	0	S	1	2017
118574	0	993721	0	S	1	2017
0	0	118163	0	S	2	2017
0	0	40567	0	S	2	1994
0	0	40800	0	S	2	1994
0	0	0	49954	P	1	1994
0	0	0	99808	P	1	1994
0	0	142500	0	S	2	2017
0	0	0	309732	S	2	2017
0	0	0	417000	P	1	1994
0	0	0	1489	S	2	1994
0	0	0	234030		3	2005
0	0	0	199255	P	1	1994
0	0	273766	0	S	1	1994
0	0	0	16110	S	1	1994
179507	0	5553	0	S	1	2017
0	162604	0	0	S	2	2017
0	77220	0	10369	P	8	2007
99438	0	490	0	P	8	2006
64106	0	128	0	P	8	2007
69180	0	112	0	P	8	2007
0	161797	0	231	S	2	2013
0	0	55745	0	S	1	1994
0	0	0	79747	P	1	1994
62193	637	765	510	S	1	2006
32160	2076	143	143	S	1	1994
0	62468	22836	1145	S	1	2008
58041	3071	441	25	S	1	2002
45398	729	22602	533	S	1	2014
42393	0	75145	0	S	1	2009
39197	0	32342	0	S	1	2009
0	54507	0	1686	S	1	2009
0	0	170658	0	S	1	2009
51583	0	819259	0	S	2	2009
65514	0	7359	0	F	3	2009
0	80783	0	651	S	8	2009
0	21168	0	655	S	1	2008
55824	0	1727	0	S	1	2008
22511	0	100667	0	S	1	2008
18373	0	82163	0	S	1	2008
0	5963	0	184	S	1	2008
14880	0	0	365	S	1	2000
0	0	100000	0	S	1	2015
0	0	300000	0	S	1	2015
0	0	259969	0	S	2	2015
33550	7742	860	0	S	1	2002
119099	0	2380876	0	S	1	2015
0	140009	0	139	S	1	2015
109559	0	132457	0	S	1	2015
0	163961	0	849	S	2	2015
0	103107	0	524	S	2	2015
119303	0	554088	0	S	1	2015
0	251314	0	3503	S	2	2015
48522	0	1501	0	S	1	2009
28024	28072	76	0	Y	3	2019
22034	0	117124	0	S	1	2009
27951	28222	0	0	Y	3	2019
0	0	0	1243		3	1996
12929	0	0	0		3	1995
207606	1076	2153	673		3	2006
0	80417	0	1244	S	8	2010
100063	0	1404	198055	P	8	2014
0	26523	0	27	S	1	2011
0	102167	0	325440	P	8	2010
185799	0	5352	0	P	8	2014
0	46185	0	803	S	2	2014
0	66536	0	194	S	2	2013
48739	0	40215	0	S	1	2009
0	20115	0	138	S	2	2012
0	24251	0	166	S	1	2012
0	24269	0	156	S	2	2012
40121	0	92858	0	S	1	2010
42793	0	99041	0	S	1	2010
58680	0	544843	0	S	1	2010
71973	0	580	0	Y	8	2013
100804	0	202	0	P	8	2013
100622	0	200	0	P	8	2011
95840	0	2296	0	P	8	2009
0	98025	0	11008	P	8	2009
98486	0	2359	0	P	8	2009
53171	0	203	0	S	1	2010
0	54231	0	1296	S	1	2010
0	22869	0	471	S	1	2010
0	52393	0	968	S	1	2010
0	86380	0	580	S	8	2014
0	0	149066	0	S	1	2010
0	100500	0	200645	P	8	2012
0	93103	0	1126	Y	8	2011
100537	0	765	0	P	8	2010
0	100619	0	203120	P	8	2010
0	79363	0	184	P	1	2013
49314	0	201732	0	S	2	2010
0	76099	0	691	P	1	2011
0	75943	0	690	P	1	2011
0	97259	0	653	P	1	2014
0	93091	0	625	P	1	2014
0	25197	0	1318	P	1	2010
0	14507	0	759	P	1	2010
0	225030	0	11769	P	1	2010
0	8869	0	30	S	2	2010
0	16026	0	55	S	2	2010
0	75402	0	242	P	1	2010
0	16256	0	55	S	2	2010
0	89589	0	0	S	1	2007
0	99116	0	415	P	8	2010
97468	0	4384	0	P	8	2013
0	99570	0	496	P	8	2012
0	80995	0	640	S	8	2016
30762	163	52326	269	S	1	2016
0	90865	0	1232	P	1	2016
0	106506	0	4960	P	8	2016
0	102279	0	11776	P	8	2016
101775	1334	287	11579	P	8	2016
0	103118	0	2872	S	2	2015
56597	0	502	83264	S	8	1990
0	79421	0	662	P	1	2015
0	79814	0	2276	P	1	2009
0	75735	0	3055	P	1	2009
0	0	500000	0	S	1	2016
0	9098	0	31	S	2	2010
51914	0	212368	0	S	2	2010
50489	0	206539	0	S	2	2010
52103	0	213141	0	S	2	2010
0	0	0	1244		3	1996
51113	0	1201966	0	S	1	2010
0	17346	0	536	S	1	2010
0	0	0	74860	S	3	1975
64144	0	510	0	F	3	2010
61977	0	493	0	F	3	2010
0	0	14844	0	F	3	2010
423772	6368	2026	0	Y	3	1999
24883	0	249	0	S	1	1993
244342	268	801047	1111	P	3	2015
25548	0	19618	0	S	1	2015
0	0	0	78200	S	8	1987
28452	1691	233	0	S	1	2002
0	0	0	66	S	1	2003
499387	14503	4546	0	Y	3	2003
42987	0	0	170	S	1	1989
0	0	0	298711	F	1	2008
0	0	0	315252	F	1	2009
425316	2397	18376	266	Y	3	2004
0	0	0	313351	F	1	2010
0	0	180000	0	P	2	2009
0	10199	0	271	S	1	2008
16948	35	0	598	S	1	2000
0	0	0	111646	S	2	1992
0	0	0	7800	P	1	1992
0	0	0	6000	P	1	1992
0	0	0	500	P	1	1992
20950	125	499	0	S	1	2007
48103	298	1292	0	S	1	2007
0	0	0	340020	F	1	2012
5519	0	230	0	S	1	2010
66005	0	274907	0	S	2	2011
200502	283	1415	0		3	2011
0	0	0	71000		3	2006
0	0	0	11903	F	3	2011
0	0	0	6960		3	1996
0	125304	0	4760	Y	1	2005
68494	0	59989	0	S	1	2017
65392	0	63093	372	S	1	2017
56662	342	1026	0	S	1	2004
48135	0	1459	0	S	1	2009
0	0	0	40025	S	8	1989
0	0	0	22146	P	1	1993
0	0	67818	0	S	1	1996
0	0	200250	0	S	1	1993
21491	0	19950	0	S	2	1993
0	0	259004	0	S	1	1993
0	0	11540	0	S	1	1996
78064	0	235	100900	S	8	1985
223151	1489	213	0	Y	3	2006
0	220952	0	4195	Y	3	2006
0	0	0	39813	S	8	1990
0	0	0	303255	S	8	1990
0	104326	0	104326	Y	1	2012
64907	0	447887	0	S	1	2003
61944	0	459244	0	S	1	2003
38318	0	163271	0	S	1	2003
0	0	0	50018	S	1	2003
49112	0	363	0	S	8	1986
49112	0	363	0	S	8	1986
9196	0	89	108	S	8	1993
0	121325	0	783	S	1	2013
0	0	414000	0	S	1	2013
56216	0	2948	15392	S	1	1994
48929	200	899	0	S	1	2009
23954	0	113	0	S	8	1992
61613	0	5845	895	G	1	1989
66947	0	0	351857	S	1	1989
25483	0	467	10225	S	1	1990
67946	0	916	894	G	1	1989
66107	0	1349	894	G	1	1989
25685	0	471	10225	S	1	1990
0	50309	0	2426	Y	1	2008
46484	0	1720	0	S	1	1988
15587	0	157	1832	S	1	1991
12287	1530	135	45	S	1	1999
61840	0	3947	18867	S	1	1994
32742	0	668	1936	S	1	1991
59281	0	4234	125546	S	1	1994
28455	0	1093	1250	S	1	1991
38244	0	115	557	S	1	1991
38836	0	274	823	S	1	1991
58735	0	236	64112	S	8	1988
58970	0	237	64369	S	8	1988
20808	0	140	0	S	1	2013
99530	0	150677	0	S	1	2013
99497	0	581019	0	S	2	2013
0	0	652732	0	S	1	2013
97255	0	524	0	S	1	2013
21847	0	178561	0	S	1	2013
17379	0	26077	0	S	1	2013
100029	0	245802	0	S	1	2013
0	16908	0	228	S	2	2013
0	190115	0	1196	S	2	2013
16745	0	770	0	S	1	1993
53595	0	536	325	S	8	1993
51663	0	310	104	S	8	1993
51371	0	616	0	S	8	1993
51370	0	205	0	S	8	1993
38460	0	0	139	S	8	1993
38170	0	155	231	S	8	1993
59609	0	298	0	S	8	1989
56720	1409	235	0	S	1	2004
51316	0	0	206	S	8	1994
51160	0	716	0	S	8	1994
50481	0	1831	104	S	8	1994
0	0	0	30780	S	3	1977
35405	0	850	0	S	1	1994
58255	357	56781	879	S	1	2008
35469	0	2412	0	S	1	1994
51258	0	273	0	S	8	1994
51702	0	310	0	S	8	1994
151100	0	1058	0	S	1	1989
27922	223	168	0	S	1	2009
187434	1225	12085	0		3	2009
193275	535	7892	239348		3	2009
199460	134	1206	196628	F	7	2011
0	86087	0	1214	Y	1	2010
0	85970	0	811	Y	1	2010
50859	936	0	0	S	1	2003
53276	0	53	168	S	8	1994
51260	0	410	0	S	8	1994
50091	0	1122	0	S	8	1994
59748	0	61876	0	S	1	2001
65704	0	145792	0	S	1	2001
95202	481	863	192	S	1	2011
0	0	0	83183		3	1996
0	0	0	355759	S	1	1992
0	0	0	63167	S	1	1992
0	0	0	6148		3	2015
0	0	8848	0		3	2015
44939	68	140	0	Y	1	1995
0	62849	22836	1084	S	1	2008
0	0	0	180764	S	1	1991
0	0	0	124071	S	1	1991
0	0	0	199456	S	1	1991
0	61560	0	367	S	1	2009
52634	0	2137	124783	S	1	1992
69262	0	229	1670	S	1	1996
67266	0	1359	1670	S	1	1996
68591	0	2881	0	S	1	1990
118104	0	4535	0	S	8	1990
119941	0	4606	0	S	8	1990
12727	26	77	0	S	1	2004
15451	72	94	0	Y	1	1995
34379	0	913	0	S	1	1996
82618	199	41	4640	Y	3	1995
73986	344	486	6217	Y	3	1995
58197	0	588	38635	S	1	1992
0	0	0	1203		3	1996
0	55972	0	2285	S	1	2014
79382	1078	2155	1436	S	1	1994
0	0	0	63301		3	2017
50091	0	2881	42802		1	1984
7684	272	15	0	S	1	2003
0	97259	0	97259	Y	1	2012
0	236047	0	4891	Y	3	2012
247916	648	498	0	Y	3	2012
23796	1383	52	3	Y	1	1998
0	0	0	206		3	2017
16311	0	220	0	S	1	1992
23510	152	521	3	Y	1	1999
7723	0	1551	0	S	1	1993
15656	0	211	0	S	1	1997
9799	0	50	0	Y	1	1997
0	0	0	814	Y	3	2017
53008	0	1639	0	S	1	1991
208248	1848	3558	32	Y	3	1998
0	0	0	290	G	1	2014
70716	0	71312	0	S	1	1999
15557	0	371	0	S	1	1996
33763	0	341	0	S	1	1997
198369	261	2270	0		3	2012
195094	658	3548	0		3	2012
0	227695	0	2696	Y	1	2013
0	29396	0	177	Y	1	2013
210479	148	973	0		3	2013
0	250362	0	2019	Y	3	2014
0	179392	0	1101	Y	1	2014
42531	347	781	0	S	1	2005
0	231748	0	8555	Y	3	2016
0	0	0	300	S	8	1986
0	229465	0	5330	Y	3	2018
235720	118	1877	1	Y	3	2018
0	148259	0	3754	Y	1	2019
0	0	0	1251		3	1996
53631	214	0	1073	S	1	2015
197324	852	1391	6		3	2018
0	218134	0	1361	Y	3	2019
224290	1149	112	1	Y	3	2019
69439	3163	75269	0	S	1	2005
70577	835	74191	139	S	1	2005
0	0	0	24573		3	2002
0	58242	0	1651	S	1	2014
7516	252	126	5	S	1	2001
0	0	0	44784	Y	1	2004
0	0	0	87311		1	1986
0	0	0	28327	S	3	1974
0	0	0	81003	S	8	1986
0	0	0	108960		3	2008
31314	1924	0	0	S	1	2001
0	0	0	76000	S	3	1975
0	0	0	39952	S	8	1988
0	0	0	102424		1	1985
85509	0	2236	0	S	1	1995
28755	1250	1250	625	S	1	1998
40782	131	587	16227		1	1987
52583	0	1041	28019		1	1986
41703	207	950	3863	S	1	1988
43086	0	435	0		1	1987
50442	683	1622	34662		1	1985
33559	0	4721	20924		1	1984
66852	0	432585	0	S	1	2006
67532	0	439823	0	S	1	2006
97082	0	537865	0	S	1	2006
55922	0	496	83264	S	8	1990
65226	0	444482	0	S	1	2009
97600	0	0	0	Y	1	2001
111138	0	445264	0	S	1	2009
0	0	47277	0	S	1	2009
64307	0	410083	0	S	1	2007
63845	0	424976	0	S	1	2007
107452	0	3515	0	S	1	2007
0	0	0	13017	S	8	1989
0	0	0	13033	S	8	1989
57056	3156	607	121	S	1	2010
71034	435	580	0	S	1	2012
35002	210	0	0	S	1	1993
42519	3037	552	276	S	1	2004
223250	0	57850	0	S	7	2008
0	0	0	271500	S	8	1988
1698	38	59	11	S	1	1998
51382	609	6210	3517	S	1	2005
0	102099	0	102099	Y	1	2002
56108	344	1603	115	S	1	2014
0	0	0	104584	S	8	1989
3076	0	31	0	S	1	1997
59658	735	82258	1007	S	1	2007
69069	0	125229	4373	S	1	2016
0	56778	0	2245	S	1	2016
421390	6612	4509	0	Y	3	2002
0	0	0	98990	S	1	1982
12749	43	43	0	S	1	1997
0	0	0	100000	S	1	1983
96073	2631	1315	0		3	2003
0	0	0	49674	S	1	1996
31926	3722	0	215	S	1	2001
0	0	0	100070		1	1986
45394	186	1671	0	S	1	1989
0	0	0	117022	S	8	1989
27075	1297	451	0	S	1	2006
32972	823	411	206	S	1	2005
28613	0	329	0	S	1	2015
65864	0	280644	0	S	1	2003
61500	0	3462	85892	S	1	1992
60678	0	2528	251	S	1	1992
24582	0	708	8143	S	1	1990
0	0	0	281688		3	2005
64171	0	4096	4506	S	1	1992
54868	0	3502	15563	S	1	1994
55455	0	3331	15532	S	1	1994
66380	0	468	351858	S	1	1989
33145	0	0	783	S	1	1991
22645	0	1652	8144	S	1	1990
24801	0	980	8144	S	1	1990
15881	0	0	683	S	1	1991
16715	0	118	1990	S	1	1991
37156	1161	645	0	S	1	1997
33010	0	233	2412	S	1	1991
0	0	0	49319	S	1	1995
16669	0	118	1813	S	1	1991
64522	0	1049	273	S	1	1990
63555	0	0	351858	S	1	1989
67624	0	1663	73242	S	1	1990
65686	0	1753	569408	S	1	1990
67262	0	135	71052	S	1	1990
25369	0	839	10225	S	1	1990
16611	0	168	325	S	1	1991
15683	0	0	1688	S	1	1991
15710	0	0	1141	S	1	1991
16720	0	394	957	S	1	1991
35309	0	3208	24502	S	1	1992
42384	0	5238	30294	S	1	1992
31527	0	415	3100	S	1	1991
33553	0	101	565	S	1	1991
57452	0	4996	125480	S	1	1994
46402	0	1783	124968	S	1	1991
41668	0	2660	28199	S	1	1992
0	0	0	451407	S	1	1995
57449	0	733724	0	S	1	2016
58974	0	3231	125551	S	1	1994
66014	0	2042	1586	S	1	1994
15842	0	323	1516	S	1	1991
68211	0	2110	4179	S	1	1994
47668	0	973	124959	S	1	1991
69115	0	2880	1023	S	1	1995
32903	0	332	165	S	1	1991
52664	0	694	124834	S	1	1991
23832	0	2560	1315	S	1	1991
37471	0	378	4668	S	1	1991
60008	0	1825	125519	S	1	1994
60409	0	5303	81733	S	1	1995
59352	0	5585	80301	S	1	1995
67729	0	2275	5070	S	1	1995
66338	0	2908	5717	S	1	1995
57407	0	1775	15391	S	1	1994
57795	0	1585	148139	S	1	1992
48583	1189	849	510	S	1	1998
55845	0	452320	0	S	1	2002
52189	0	440207	0	S	1	2002
0	0	0	51329	S	1	2002
0	0	0	434640		1	1983
258355	0	1821	181500	S	8	1986
0	0	0	5676	S	1	1999
0	0	0	186590		3	2010
0	0	0	79961	S	8	1988
0	0	0	50095	S	1	1990
0	0	0	236019	S	1	1990
0	0	0	256883	S	1	1990
0	0	0	118119	S	8	1989
0	0	0	39863	S	8	1990
0	0	0	1114000	S	8	1988
66477	0	6376	0	S	1	2019
67890	0	64146	0	S	1	2019
63610	0	66068	0	S	1	2019
0	0	0	138418	S	1	1992
62067	0	20907	0	S	1	2001
0	0	0	101870	S	1	1984
0	0	0	100330	S	1	1985
0	0	0	381173	S	1	1991
0	0	0	15446	S	1	1991
0	0	0	70000	S	1	1991
0	0	0	63004	S	1	1991
9937	0	522	24478	S	1	1990
55835	0	3811	214043	S	1	1995
68975	0	930	1670	S	1	1996
56294	0	1497	44275	S	1	1992
21148	0	68	45912	S	1	1989
19953	0	60	45912	S	1	1989
21609	0	65	45912	S	1	1989
9246	0	951	22311	S	1	1990
26548	0	2387	23185	S	1	1992
47247	0	2481	116387	S	1	1990
55585	0	2723	44840	S	1	1992
48392	0	2408	119341	S	1	1990
55226	0	3827	36663	S	1	1992
27073	0	2434	24042	S	1	1992
21974	0	1076	19321	S	1	1992
22042	0	1080	19321	S	1	1992
57563	0	2174	220668	S	1	1995
66178	0	3242	1669	S	1	1996
0	0	0	84304	S	1	2000
14057	0	53012	0	S	1	2000
61400	0	434914	0	S	1	2000
65131	0	456428	0	S	1	2000
55111	0	8068	0	S	1	1993
28118	0	2336	0	S	1	1992
60879	0	5765	0	S	1	1995
50877	0	12555	0	S	1	1993
9927	0	307	0	S	1	1991
14478	0	1729	0	S	1	1992
13557	0	135	0	S	1	1996
4127	0	107	0	S	1	1996
15580	0	318	0	S	1	1992
16108	0	109	0	S	1	1992
15661	0	320	0	S	1	1992
15361	0	530	0	S	1	1996
23193	0	644	0	S	1	1991
15630	0	265	0	S	1	1996
62950	0	5608	0	S	1	1995
69208	0	58059	0	S	1	1998
69246	0	344089	0	S	1	1998
67497	0	1356	0	S	1	1995
39734	0	5698	0	S	1	1993
67951	0	993	0	S	1	1995
28960	0	24294	0	S	1	1998
20714	0	470	0	S	1	1996
15534	0	209	0	S	1	1992
14960	0	1069	0	S	1	1992
15829	0	250	0	S	1	1996
60517	0	5161	0	S	1	1993
57833	0	5488	0	S	1	1993
24400	0	2809	0	S	1	1993
16502	0	111	0	S	1	1992
29144	0	3120	0	S	1	1992
66674	0	4627	0	S	1	1995
61464	0	4545	0	S	1	1993
27936	0	2103	0	S	1	1992
27658	0	1765	0	S	1	1992
31252	0	967	0	S	1	1992
15752	0	321	0	S	1	1992
0	61628	0	1845	S	1	2019
43660	1135	1834	175	S	1	2019
43659	1135	1834	175	S	1	2019
211904	0	0	0	P	3	2019
65983	0	221	0	S	1	1995
0	41303	0	3251	S	1	2009
49086	1775	29414	1069	S	1	2012
42773	0	612	0		1	1986
9666	26	0	51	S	1	2000
191711	434	9983	201798	P	8	2014
48639	0	8360	0	S	1	1993
52112	0	4532	0	S	1	1993
44833	0	5752	0	S	1	1993
57384	0	2141	0	S	1	1994
33540	0	72014	0	S	1	1999
56102	0	4170	0	S	1	1994
53979	0	5711	0	S	1	1994
77267	5375	172272	8402	S	1	2016
35376	115	1613	37735		1	1984
37580	0	40550	0	S	1	2015
57867	0	1771	0	S	1	1995
69010	0	53925	0	S	1	1999
48266	0	8741	0	S	1	1993
43711	0	13057	0	S	1	1993
24570	1814	412	0	S	1	1999
58356	233	58227	683	S	1	2009
32304	0	10861	0	S	1	1998
50975	0	8657	0	S	1	1994
59171	0	716631	0	S	1	2014
99610	0	478397	50000	S	1	2014
59352	0	592916	0	S	1	2014
99732	0	515032	46677	S	1	2015
59455	0	654844	0	S	1	2015
54019	0	780945	0	S	1	2015
79481	671	1006	0	S	1	1994
70897	0	358948	0	S	1	2004
67174	0	463250	0	S	1	2004
66834	0	476751	0	S	1	2004
0	0	0	50969	S	1	2004
42057	1262	0	505	S	1	1988
44536	551	3581	0	S	1	1988
69010	0	463449	0	S	1	2005
69127	0	469240	0	S	1	2005
100895	0	515490	0	S	1	2005
66501	0	60435	2723	S	1	2016
59652	0	491813	0	S	1	2010
29602	0	130955	0	S	1	2010
29602	0	130955	0	S	1	2010
29591	0	130956	0		1	2010
19713	0	130956	0		1	2010
59331	0	498399	0	S	1	2010
63609	127	71670	612	S	1	2013
50111	1879	209	104	S	1	2003
67690	0	437350	0	S	1	2009
42168	90	34225	374	S	1	2009
58664	0	417858	0	S	1	2008
59250	0	403228	0	S	1	2008
40420	0	2054	0	S	1	2007
19787	0	990	0	S	1	2007
0	0	4293	0	S	1	2007
107945	0	541656	0	S	1	2008
64324	0	470701	0	S	1	2011
64880	0	478347	0	S	1	2011
102970	0	554297	0	S	1	2011
0	0	58427	49853	S	1	2011
64009	0	336096	0	S	1	2012
59560	0	584415	0	S	1	2012
0	0	511814	0	S	1	2012
98311	0	521544	0	S	1	2012
58311	0	646829	0	S	1	2013
58976	0	613392	0	S	1	2013
96926	0	533382	55006	S	1	2013
0	0	1	0	S	1	2012
0	63044	0	2022	S	1	2017
17502	393	36	36	S	1	2008
80275	1886	1467	210	S	1	1994
57725	471	57481	640	S	1	2008
68376	283	1413	0	S	1	2004
26336	0	1174	2000		1	1985
59828	0	838	239	S	1	2010
45066	1597	89	0	S	1	2003
6390	45	178	0	S	1	1997
42834	87	608	36082	S	1	1991
19207	639	399	20	S	1	2002
78417	0	236	101400	S	8	1985
15662	181	0	50	S	1	2004
67997	2398	1129	0	S	1	2010
35757	2278	607	76	S	1	2010
66258	0	59634	2716	S	1	2016
56435	0	25468	0	S	1	2016
206301	109	830917	109	S	3	2017
17872	291	327	0	S	1	2005
25665	726	52	0	S	1	2003
0	0	0	690	Y	3	2019
0	0	0	1267	Y	3	2019
35176	0	0	0	S	1	1993
15972	0	0	1618	S	1	2000
0	0	0	1232		3	1996
54787	104	23930	0	S	1	2017
26621	53	8388	34	S	1	2004
36673	601	120	17644		1	1984
22986	190	0	522	S	1	2000
0	0	0	186309	G	1	1988
65128	0	261	130	S	1	2008
50369	1679	26805	1176	S	1	2012
4386	0	0	0	S	8	1992
0	0	0	7614	F	1	1994
5252	11	5263	0	Y	1	1996
563	0	0	0	S	1	2000
39502	0	500	1860		1	1987
42902	0	0	0	S	1	1992
43127	0	435	13835		1	1987
55041	344	2752	0	S	1	2014
30865	889	127	0	S	1	2003
228054	156	651123	412	P	7	2013
53542	356	5138	0	S	1	2005
17659	74	0	885	S	1	2000
58877	4077	839	360	S	1	2017
64414	194	2328	194	S	1	1995
32997	199	1590	0	S	1	1996
11179	619	36	36	S	1	1999
12490	415	1613	58	S	1	2002
22168	1018	16240	775	S	1	2002
9015	352	19	19	S	1	2002
0	149176	0	5144	S	1	2016
0	0	189786	0	S	1	2016
55420	1307	140452	1745	S	1	2004
74084	296	50707	1223	S	1	2014
49576	162	484	0	S	1	1995
11082	26	0	153	S	1	2000
489	6	0	6	S	1	2000
0	0	0	1212200	S	8	1986
0	0	0	36300	S	8	1987
27946	28089	70	67	Y	3	2019
22118	0	285	0	S	1	1991
188874	3373	2335	0		3	2002
0	0	0	4538	Y	3	2009
124315	1065	2537	22	Y	1	2000
441687	11930	2711	73	Y	3	2000
217947	0	0	0	Y	3	2005
0	0	0	88378	S	8	1989
0	0	0	59505		1	1987
195701	262	4463	394		3	2006
196630	335	3467	208733		3	2006
0	220825	0	29946	Y	3	2007
0	148151	0	1315	Y	1	2007
13480	0	0	0	S	1	1992
191436	6000	1810	571		3	2007
231534	456	1673	0	Y	3	2008
0	0	0	39974	S	8	1986
111784	0	559	0	S	8	1991
152479	0	1067	0	S	8	1987
110748	0	1329	0	S	8	1991
0	75283	0	2893	Y	1	2008
125570	0	2763	0	S	8	1987
127715	0	1022	0	S	8	1987
60523	0	212	0	S	8	1988
128283	0	1026	0	S	8	1987
60281	0	211	0	S	8	1988
82796	0	1351	296	S	8	1993
0	190424	0	3886		3	2008
195095	2129	2757	532		3	2008
0	55264	0	3267	Y	1	2009
8277	0	728	0	S	1	1994
7111	0	85	0	S	8	1993
123233	0	3500	0	S	8	1990
18154	87	63	0	Y	1	1995
0	209031	0	15000	Y	1	2018
0	0	0	125091	S	8	1989
0	0	0	221	S	3	1991
0	0	0	9039		3	2009
0	0	0	5125	S	8	1992
0	0	0	5207	S	8	1992
0	0	52044	209		1	2010
0	0	0	67080		3	2017
70459	0	2959	0	S	1	1990
200531	0	241	0		3	2005
58988	0	458	18708	S	8	1990
12865	1440	27	3	Y	1	1998
20582	0	461	0		1	2002
20044	0	548	0		1	2002
195091	2170	4226	47		3	2004
21168	0	0	0	S	1	1992
49656	0	2334	1355	S	8	1993
51221	0	1895	0	S	1	1988
220723	424	204331	0	Y	3	2009
0	221493	0	204511	Y	3	2009
251050	636	2517	0	Y	3	2010
116935	0	3121	21208	S	8	1989
117168	0	3128	21207	S	8	1989
0	236173	0	165	Y	3	2011
89804	0	81	10876	Y	3	1995
101161	0	304	8726	Y	3	1995
0	221302	0	3347	Y	3	2010
197406	0	2844	0		3	2010
122899	0	2125	21254	S	8	1988
124345	0	374	839682	S	8	1988
124394	0	374	840018	S	8	1988
42800	136	2212	0	Y	1	1995
0	0	0	68938		3	2017
41806	357	37	0	Y	1	1997
0	243073	0	2778	Y	3	2013
202329	1071	6572	0		3	2014
0	23340	0	94	Y	1	2015
0	183318	0	1107	Y	1	2015
238441	1150	7248	35	Y	3	2016
186508	2246	13543	163		3	2016
0	246719	0	148	Y	1	2017
0	223249	0	807	Y	3	2017
231540	1632	511	4	Y	3	2017
59870	60	24249	60	S	1	2011
67062	0	66740	0	S	1	2017
195781	312	7997	220303	S	3	2017
18097	76	0	721	S	1	2000
42859	0	337	4313	S	1	1991
0	0	0	17404	G	1	1991
0	0	0	149124		1	1984
213823	0	165052	0	S	8	2005
58550	2635	1561	98	S	1	2017
10519	674	0	67	S	1	2001
6619	244	111	22	S	1	1998
42444	444	667	0	S	1	1992
59650	494	3211	0	S	1	2014
7615	0	0	39	S	1	2000
50687	937	1872	37539		1	1986
68559	0	223	0	S	1	1995
49871	0	247	146440		1	1987
4924	28	28	0	S	1	1997
65244	522	51185	261	S	1	2012
41524	206	946	3846	S	1	1988
18691	414	651	118	S	1	1998
72015	0	708	236	S	1	1995
27960	1435	352	58	S	1	2002
46095	0	18281	0	S	1	2017
0	49988	0	2100	S	1	2015
7567	217	16	0	S	1	2002
45420	642	22512	534	S	1	2014
0	39137	0	153	S	1	2007
27736	2327	1258	503	S	1	2002
49682	693	990	0	S	1	1994
47955	248	1491	0		1	1986
11630	258	405	74	S	1	1998
216889	430	861	183093	P	8	2013
0	0	0	8256	F	1	2008
0	49871	0	0	S	1	2005
0	0	0	694974		1	1985
67365	3687	55221	1995	S	1	2010
70273	143	1721	0	S	1	2009
71141	957	1170	106	S	1	2006
32564	1560	0	0	S	1	2001
54404	0	13746	0	S	1	2019
54533	0	13645	0	S	1	2019
66616	0	8086	0	S	1	2019
64246	0	8262	0	S	1	2019
68561	0	4236	142	S	1	2019
60522	489	1589	122	S	1	2019
39983	1039	1679	160	S	1	2019
41266	255	0	934	S	1	1988
43738	0	0	381707	S	1	1992
41780	84	2102	215008	S	1	1990
42339	261	0	958	S	1	1988
75831	496	991	0	S	1	1995
31887	920	409	0	S	1	1998
48878	0	0	394	S	1	1990
22190	1757	1054	251	S	1	2008
57290	0	0	0	G	1	1999
43433	0	114	0	S	1	1992
38501	393	1964	0	P	1	1987
41232	255	933	0	P	1	1987
79827	973	485	0	S	1	1994
84234	0	2700	0	S	1	1995
21239	742	337	67	S	1	1999
63545	0	2516	5	S	1	2015
53781	0	27731	0	S	1	2018
61507	112	53749	1668	S	1	2014
54491	1218	41465	441	S	1	2013
42697	212	973	3955	S	1	1988
68959	1553	466	155	S	1	1994
42208	0	686	0	S	1	1992
63786	1797	539	180	S	1	1999
1768	148	80	32	S	1	2002
36445	73	220	0	S	1	1993
86435	554	1108	0	S	1	1995
0	0	5228	0	Y	3	2009
16029	2004	0	0	S	1	2001
0	0	0	46727	F	1	2008
73652	4681	55568	1741	S	1	2010
57067	822	117	0	S	1	2004
0	74625	0	1679	S	1	2012
0	58853	0	2593	S	1	2011
42796	84	254	0	P	1	1988
61253	2375	23086	0	S	1	2008
61868	1732	0	124	S	1	2008
61331	368	245	123	S	1	2009
230842	2850	569793	0	P	8	2009
58705	832	1783	119	S	1	2010
13376	0	0	514	S	1	1996
9742	0	154	0	S	1	1997
49471	208	2396	0	S	1	1994
0	0	66820	0	F	1	2009
53307	263	1050	8103		1	1987
0	59353	0	3860	S	1	2017
28483	0	54	0	S	1	2015
0	0	0	7007		3	1996
56320	1889	687	0	S	1	1999
0	59801	0	1196	S	1	2010
12279	685	0	98	S	1	2001
55941	799	58001	457	S	1	2014
20945	0	0	582	P	1	2001
0	0	0	89102	S	1	1989
52360	0	1451	28448		1	1987
75484	2348	7381	335	S	1	2016
72160	7887	3524	839	S	1	2016
42698	86	342	4290	S	1	1991
42615	975	23017	89	S	1	2013
61179	122	16121	26	S	1	2018
63669	249	72500	816	S	1	2018
64701	0	58943	0	S	1	2018
66061	0	130277	1666	S	1	2018
0	53146	0	2232	S	1	2018
0	0	55152	0	S	1	2018
52915	251	878	28399		1	1986
37694	277	1386	73654		1	1985
42705	87	432	74921	S	1	1991
34812	0	281	0	S	1	1993
48561	196	294	0	S	1	2006
3616	120	75	4	S	1	2002
0	38657	0	709	S	1	2007
43988	534	623	267	S	1	2004
52914	441	43669	440	S	1	2013
4431	93	187	0	S	1	2001
60978	122	122	366	S	1	2009
72076	441	51582	1371	S	1	2014
0	0	0	100136		1	1986
68693	1103	1103	472	S	1	1994
55049	56	24249	0	S	1	2011
193848	4517	1727	0		3	2003
36883	201	356	0	S	1	2004
0	0	0	186590	S	8	2010
29992	0	4219	18682		1	1984
5433	157	22	0	S	1	2003
32653	777	0	0	S	1	1998
4667	134	19	0	S	1	2003
464	0	0	13	S	1	2000
61574	1399	763	127	S	1	2006
17539	124	186	31	P	1	2002
61616	62	24249	0	S	1	2011
52825	261	1043	28130		1	1987
18940	0	38	0	S	1	2006
48761	901	1801	36110		1	1986
61609	123	1112	10497	S	1	1990
0	0	0	81570	G	1	1991
41293	132	595	16430		1	1987
77722	2360	545	0	S	1	1994
0	71480	0	712	S	1	2012
50018	250	347	146440		1	1987
43450	87	87	74940	S	1	1991
14623	286	985	0	S	1	2006
35190	0	0	0	S	1	1993
16108	35	0	1442	S	1	2000
45885	602	3916	201	S	1	2007
41582	173	1300	8502	S	1	1991
65888	1080	65684	1846	S	1	2013
0	57194	0	2808	S	1	2011
0	122516	0	1070	Y	1	2004
2705	0	0	78	S	1	2000
39811	3601	1100	200	S	1	1999
25973	0	47	0	S	1	2015
0	38455	0	1692	S	1	2007
56816	1489	2635	114	S	1	2016
46760	893	1986	0	S	1	1988
35087	0	1796	48919		1	1984
12733	120	360	0	P	1	2001
52614	0	921	28097		1	1986
29298	688	688	206	P	1	1996
0	0	0	40551	S	1	1988
16365	33	82	0	Y	3	2005
50892	0	814	0	S	8	1993
0	220350	0	5620	Y	3	2008
202674	0	2533	0	S	8	1992
0	221507	0	3419	Y	3	2015
218428	1695	7267	56	Y	3	2015
0	0	0	1243		3	1996
0	0	0	12994	S	8	1989
0	0	0	539931		3	2019
58989	0	458	18708	S	8	1990
0	89606	0	450	Y	1	2007
200369	789	790	263		3	2006
49113	0	363	0	S	8	1986
49325	0	464	0	S	8	1986
49325	0	464	0	S	8	1986
218110	0	1505	0	S	8	1992
126076	0	2774	0	S	8	1987
51887	0	104	0	S	8	1993
59608	0	298	0	S	8	1989
24685	0	296	0	S	8	1993
0	0	0	1238		3	1996
203177	0	3535	0	S	8	1993
0	118388	0	118388	Y	1	2011
226618	455	318	0	Y	3	2011
0	216302	0	4798	Y	1	2016
188831	1389	14039	103		3	2015
201016	1255	1682	10		3	2019
57594	0	58	69249	S	8	1989
199152	1578	1598	0		3	2010
197859	1768	3535	0		3	2010
202036	2135	1129	0		3	2013
104820	0	786	0	S	8	1992
57756	0	58	69443	S	8	1989
33736	0	135	206	S	8	1994
113193	0	2075	18244	S	8	1989
113285	0	2076	18244	S	8	1989
0	146467	0	455	Y	1	2003
0	58041	0	6192	Y	1	2009
191403	1064	8228	0		3	2009
87872	223	1342	0	Y	1	1996
35299	35	35	0	Y	1	1996
12929	0	0	0		3	1995
192996	0	9723	0		3	2012
242041	804	804	0	Y	3	2013
247719	1671	496	1006	Y	3	2014
0	67488	0	54	Y	1	2006
21137	0	264	0	S	8	1992
51149	0	0	0	S	1	1992
200945	971	384	0		3	2011